parameter	scale	estimate	se	t	p_value	n_wells	q_value
Burst_Duration_Avg_sec_	linear	-0.0374343469841885	0.0111892281259444	-3.34557009320327	0.00113651405726517	112	0.0238966816292752
Median_Mean_ISI_within_Network_Burst_Avg	linear	-0.0285607470600667	0.00868173179737483	-3.28975228982573	0.00136552466453001	111	0.0238966816292752
Burst_Peak_Max_Spikes_per_sec_	log2	0.165086854625055	0.0585959110957353	2.81737840641018	0.00584577101482449	105	0.0638703892656522
Number_of_Bursts	log2	0.26514329344146	0.0968647082006873	2.73725382924943	0.00729947305893168	109	0.0638703892656522
Full_Width_at_Half_Height_of_Normalized_Cross_Correlation	linear	3.4532720164869	1.30436237531581	2.64747901491009	0.00945082931583998	104	0.0661558052108799
Mean_ISI_within_Network_Burst_Avg_sec_	linear	-0.00203344925150741	0.000808198296685381	-2.51602763807729	0.0134437252514792	107	0.0784217306336289
Time_to_Burst_Peak_ms_	linear	17.1744725603554	7.24969945414463	2.36899097252049	0.020103133612277	91	0.100515668061385
Median_ISI_within_Network_Burst_Avg_sec_	linear	-0.000608098790650295	0.000310736871020885	-1.95695730813169	0.0531131235102532	107	0.209895177556529
Median_Mean_ISI_within_Burst_Avg	linear	-0.0142927098790239	0.00733365362006766	-1.94892077257557	0.0539730456573932	111	0.209895177556529
Number_of_Spikes_per_Burst_Avg	linear	-5.55904471322485	3.02477307051982	-1.8378386026392	0.0689407503143226	110	0.241292626100129
Number_of_Spikes	log2	0.146466784263592	0.0957113620288218	1.53029672923771	0.129132468011697	105	0.379980920390138
Synchrony_Index	linear	0.0222695107500736	0.0147749128018446	1.50725158576187	0.135327809201785	94	0.379980920390138
Number_of_Spikes_per_Network_Burst_Avg	linear	-104.914235527307	72.2217270101029	-1.45266860639639	0.149326316876099	110	0.379980920390138
Number_of_Spikes_per_Network_Burst_per_Channel_Avg	linear	-6.17331942182767	4.29557537357393	-1.43713446627092	0.153770549294185	107	0.379980920390138
Full_Width_at_Half_Height_of_Cross_Correlation	linear	-16.7562852293315	12.1625448886602	-1.37769565355967	0.171467569033003	103	0.379980920390138
Network_Normalized_Duration_IQR	linear	-0.0161267094136159	0.0117699546971349	-1.37015900473615	0.17370556360692	106	0.379980920390138
IBI_Coefficient_of_Variation_Avg	linear	-0.0241310573769755	0.0194554298262601	-1.24032507081414	0.217646185776742	110	0.44809508836388
Burst_Frequency_Avg_Hz_	linear	0.0062588484796016	0.00527617286398787	1.18624780516971	0.238227413120989	110	0.463219969957478
Number_of_Network_Bursts	log2	0.0902600376822605	0.0883863386985826	1.02119896594051	0.309529812056018	110	0.570186495892665
Network_Burst_Duration_Avg_sec_	linear	-0.0217686785874022	0.0228459603451413	-0.952845853644833	0.342920747186652	108	0.60011130757664
Median_ISI_within_Burst_Avg_sec_	linear	-0.000624887326035606	0.000762228267432462	-0.819816520503124	0.414177804078091	111	0.663969560604509
Percent_Bursts_with_Start_Electrode	linear	1.99197637882494	2.44634156260463	0.814267479764382	0.41735229523712	110	0.663969560604509
Network_IBI_Coefficient_of_Variation	linear	-0.0152212109831115	0.020501500283437	-0.742443761318705	0.459492129259177	110	0.699227153220487
Mean_ISI_within_Burst_Avg_sec_	linear	-0.000527499835761748	0.00076290185181192	-0.69143866214103	0.490815890911623	111	0.715773174246117
Inter_Burst_Interval_Avg_sec_	linear	0.993889880892743	2.08818165914378	0.475959491618305	0.635111230352391	109	0.851131758558315
ISI_Coefficient_of_Variation_Avg	linear	-0.068223334412879	0.147779695271971	-0.461655671216009	0.645274284780983	112	0.851131758558315
Area_Under_Normalized_Cross_Correlation	linear	-0.00656445165750019	0.0147130956827581	-0.44616386646577	0.656587356602129	93	0.851131758558315
Network_Burst_Percentage	linear	0.468032705084825	1.32391463018188	0.353521816599704	0.724464469130545	103	0.875423172665815
Weighted_Mean_Firing_Rate_Hz_	linear	-0.115742774677608	0.328565170285013	-0.352267328205261	0.725350628780247	110	0.875423172665815
Kreuz_SPIKE_Distance	linear	-0.00168105507436953	0.00690213329955824	-0.243555869092984	0.808175780938288	89	0.887551238938866
Network_Burst_Frequency	linear	0.000656474473468936	0.00329933488666091	0.198971761285294	0.842677073072013	109	0.887551238938866
Burst_Percentage_Avg	linear	0.172079760053556	0.890113860354447	0.193323312576026	0.847172462677466	90	0.887551238938866
Area_Under_Cross_Correlation	linear	0.558163654773417	3.39383571580419	0.164463958044344	0.869688237677181	109	0.887551238938866
Number_of_Elecs_Participating_in_Burst_Avg	linear	0.00754672533143005	0.0465891943861874	0.161984456500228	0.87175369950711	81	0.887551238938866
Mean_Firing_Rate_Hz_	linear	-0.0480562890270928	0.339011948559805	-0.141753968351989	0.887551238938866	109	0.887551238938866
