well	plate	batch	line	condition	Number.of.Spikes	Mean.Firing.Rate..Hz.	Number.of.Active.Electrodes	Weighted.Mean.Firing.Rate..Hz.	ISI.Coefficient.of.Variation...Avg	Number.of.Bursts	Number.of.Bursting.Electrodes	Burst.Duration...Avg..sec.	Number.of.Spikes.per.Burst...Avg	Number.of.Spikes.per.Burst...Std	Mean.ISI.within.Burst...Avg..sec.	Median.ISI.within.Burst...Avg..sec.	Inter.Burst.Interval...Avg..sec.	Burst.Frequency...Avg..Hz.	Burst.Frequency...Std..Hz.	IBI.Coefficient.of.Variation...Avg	IBI.Coefficient.of.Variation...Std	Burst.Percentage...Avg	Burst.Percentage...Std	Number.of.Network.Bursts	Network.Burst.Frequency	Network.Burst.Duration...Avg..sec.	Network.Burst.Duration...Std..sec.	Number.of.Spikes.per.Network.Burst...Avg	Number.of.Spikes.per.Network.Burst...Std	Number.of.Elecs.Participating.in.Burst...Avg	Number.of.Elecs.Participating.in.Burst...Std	Number.of.Spikes.per.Network.Burst.per.Channel...Avg	Number.of.Spikes.per.Network.Burst.per.Channel...Std	Network.Burst.Percentage	Network.IBI.Coefficient.of.Variation	Network.Normalized.Duration.IQR	Area.Under.Normalized.Cross.Correlation	Area.Under.Cross.Correlation	Full.Width.at.Half.Height.of.Normalized.Cross.Correlation	Full.Width.at.Half.Height.of.Cross.Correlation	Synchrony.Index
A1	125-0544	B4	PSYLMUi002-A	PCBP2	7707	1.605625	16	1.605625	3.634629	189	16	0.29162	26.944564	18.74911	0.015276	0.010491	33.397589	0.039375	0.028886	0.938772	0.210027	73.061621	18.787361	8	0.026667	1.18613	0.130656	703.625	35.455959	15.75	0.46291	44.715625	2.762533	73.037498	0.733359	0.098482	0.47093	4.722278	35	117	0.71362
A2	125-0544	B4	PSYLMUi002-A	PCBP2	22536	4.695	15	5.007778	3.138779	764	15	0.297615	30.245195	12.026363	0.019092	0.014634	27.163968	0.169778	0.276309	1.563461	0.705039	65.606431	22.903959	4	0.013333	2.09364	0.731185	2091.25	1228.878452	14.0	2.708013	138.767708	76.380026	37.118388	0.698732	0.00411	0.362152	11.766583	43	377	0.689327
A3	125-0544	B4	PSYLMUi002-A	PCBP2	17008	3.543333	16	3.543333	2.01094	644	16	0.319944	26.900567	15.790922	0.022691	0.018026	16.009727	0.134167	0.248132	0.675858	0.4102	54.042955	21.258654	14	0.046667	1.075931	0.532589	347.785714	672.848043	12.571429	1.398586	24.643482	41.217603	28.627705	0.744413	0.139925	0.168609	4.220667	57	717	0.603451
A4	125-0544	B4	PSYLMUi002-A	PCBP2	14621	3.046042	16	3.046042	2.284219	523	16	0.263121	19.294663	8.697808	0.024044	0.020134	39.904512	0.108958	0.137198	0.699938	0.214099	61.921566	17.073626	17	0.056667	0.922626	0.275164	410.470588	488.162514	13.823529	1.467791	27.880306	29.735735	47.725874	0.499038	0.286681	0.188928	6.114861	78	390	0.626458
A5	125-0544	B4	PSYLMUi002-A	PCBP2	18020	3.754167	14	4.284048	1.709208	644	14	0.216747	12.682053	5.556486	0.024624	0.020453	19.495595	0.153333	0.244009	0.776027	0.243005	39.368516	25.635538	56	0.186667	0.867541	0.198658	187.482143	99.110405	12.964286	1.127576	14.166126	6.105624	58.263041	0.573697	0.234966	0.124696	3.347083	54	249	0.409202
A6	125-0544	B4	PSYLMUi002-A	PCBP2	10072	2.098333	15	2.235556	3.9688	285	15	0.256783	26.716432	27.233322	0.015012	0.010143	17.347488	0.063333	0.027487	0.75561	0.227787	72.102161	29.995881	18	0.06	0.877884	0.131476	516.0	15.273969	15.444444	0.615699	33.462831	1.72529	92.216044	0.559117	0.093112	0.363448	6.040139	40	180	0.613971
B1	125-0544	B4	PSYLMUi002-A	PTBP2	43387	9.038958	16	9.038958	3.281102	1185	16	0.254083	23.152395	11.258464	0.016801	0.012299	7.95281	0.246875	0.24027	0.68317	0.21754	82.913188	11.827099	34	0.113333	1.000416	0.317377	755.558824	495.568311	15.176471	1.192669	48.403023	29.91471	59.20898	0.460614	0.707202	0.312202	27.098222	42	283	0.717808
B2	125-0544	B4	PSYLMUi002-A	PTBP2	9400	1.958333	16	1.958333	5.474048	259	16	0.314056	31.535921	24.869767	0.015741	0.011178	18.324726	0.053958	0.014566	1.283827	0.293437	84.0343	15.61477	10	0.033333	1.493064	0.472062	864.0	297.687009	16.0	0.0	54.0	18.605438	91.914894	0.783966	0.725852	0.399551	7.525361	54	204	0.778369
B3	125-0544	B4	PSYLMUi002-A	PTBP2	9951	2.073125	16	2.073125	3.877046	230	16	0.312989	27.507603	18.135752	0.017454	0.013011	21.292772	0.047917	0.02309	1.042567	0.421166	71.852061	22.525432	9	0.03	2.016702	0.596748	910.888889	265.322655	15.777778	0.666667	57.15377	15.93435	82.38368	0.592109	0.281992	0.262407	6.062917	62	301	0.693191
B4	125-0544	B4	PSYLMUi002-A	PTBP2	13701	2.854375	16	2.854375	5.086482	252	16	0.328274	34.913569	19.323778	0.015875	0.011801	21.345934	0.0525	0.021064	1.235828	0.337918	78.528924	20.154717	11	0.036667	1.412255	0.40428	926.454545	399.550338	15.909091	0.301511	58.069318	24.753899	74.381432	1.004011	0.425549	0.354001	9.91325	58	241	0.765385
B5	125-0544	B4	PSYLMUi002-A	PTBP2	4725	0.984375	13	1.204103	3.190151	115	13	0.338728	22.143389	8.658243	0.021054	0.016362	43.669183	0.029487	0.018995	1.196513	0.592636	51.027943	33.205407	7	0.023333	1.991394	0.905631	433.571429	223.868158	14.571429	1.397276	28.971003	14.235377	64.232804	0.984897	0.690097	0.1901	1.300639	81	269	0.518928
B6	125-0544	B4	PSYLMUi002-A	PTBP2	23160	4.825	16	4.825	2.60931	908	16	0.245175	17.444903	5.788797	0.021713	0.017521	7.697488	0.189167	0.103233	0.651648	0.212308	74.918887	9.512567	34	0.113333	0.874007	0.362067	447.382353	425.457544	15.470588	0.748141	28.422612	26.325878	65.677893	0.697317	0.286194	0.361459	12.385222	54	274	0.721979
C1	125-0544	B4	PSYLMUi002-A	CPSF6	18083	3.767292	16	3.767292	3.30282	584	16	0.258934	23.420641	8.786124	0.016542	0.0122	12.733382	0.121667	0.113881	1.043179	0.40756	81.915115	7.06192	15	0.05	1.146053	0.594941	775.066667	724.676033	15.8	0.414039	48.592222	45.161546	64.292429	0.544885	1.175922	0.416494	11.710056	39	342	0.77277
C2	125-0544	B4	PSYLMUi002-A	CPSF6	13840	2.883333	16	2.883333	4.990727	278	16	0.305692	31.487774	13.70161	0.018866	0.015652	32.914847	0.057917	0.057438	1.216974	0.726053	77.549298	18.958786	5	0.016667	3.62432	0.612323	2148.0	204.996341	16.0	0.0	134.25	12.812271	77.601156	0.237067	0.264519	0.380643	9.697639	40	286	0.730401
C3	125-0544	B4	PSYLMUi002-A	CPSF6	14549	3.031042	16	3.031042	3.786467	284	16	0.341462	36.008114	24.751149	0.017009	0.013067	17.594154	0.059167	0.022061	1.195477	0.336181	79.499282	11.057111	7	0.023333	2.702103	0.295429	1660.0	111.19952	16.0	0.0	103.75	6.94997	79.868032	0.321679	0.21054	0.396271	11.067083	45	288	0.775595
C4	125-0544	B4	PSYLMUi002-A	CPSF6	3263	0.679792	10	1.069667	4.960161	93	10	0.259745	22.227917	15.606002	0.018191	0.014359	37.66458	0.031	0.018463	1.037317	0.604783	51.880019	39.895814	8	0.026667	1.45003	0.787459	377.0	203.358937	12.875	1.642081	27.915984	13.180419	92.430279	0.95323	0.742754	0.174091	1.070028	40	257	0.474841
C5	125-0544	B4	PSYLMUi002-A	CPSF6	18824	3.921667	15	4.180889	6.415839	356	15	0.34609	45.001965	31.568446	0.012159	0.008443	12.641297	0.079111	0.019819	1.217742	0.309743	84.38336	24.042386	12	0.04	1.914233	0.572087	1420.25	462.781143	15.416667	0.514929	91.877431	29.618826	90.538674	0.584095	0.339838	0.517717	18.205361	32	220	0.762865
C6	125-0544	B4	PSYLMUi002-A	CPSF6	35070	7.30625	16	7.30625	3.418184	903	16	0.302081	28.656616	9.830853	0.019378	0.015405	12.310282	0.188125	0.126573	0.781463	0.230861	82.691738	11.695515	21	0.07	1.225989	0.636982	1160.142857	807.612549	15.761905	0.538958	73.019303	50.094504	69.469632	0.570568	1.008199	0.40118	29.460556	45	327	0.776695
D1	125-0544	B4	PSYLMUi002-A	CTRL	26994	5.62375	16	5.62375	4.185099	582	16	0.305489	33.583592	22.926519	0.014723	0.011076	15.646101	0.12125	0.12163	0.557614	0.165112	85.371969	14.174336	19	0.063333	1.218025	0.115471	1074.842105	172.077587	15.736842	1.147079	67.751794	8.342293	75.653849	0.367321	0.071067	0.36535	20.008194	38	367	0.753125
D2	125-0544	B4	PSYLMUi002-A	CTRL	22429	4.672708	16	4.672708	3.08273	565	16	0.330281	30.446756	8.823582	0.02058	0.016233	14.553504	0.117708	0.131249	0.698386	0.145088	77.347349	9.782305	13	0.043333	1.245889	0.54038	1050.153846	881.442175	15.461538	0.660225	66.367674	54.490316	60.867627	0.703759	0.693966	0.311744	16.325972	37	414	0.751277
D3	125-0544	B4	PSYLMUi002-A	CTRL	22731	4.735625	16	4.735625	2.635645	717	16	0.249651	20.117854	10.070112	0.019363	0.015373	11.509404	0.149375	0.098042	0.458809	0.110336	75.139759	14.258981	42	0.14	0.855996	0.191489	402.238095	214.511221	14.97619	1.023816	26.311185	12.790379	74.321411	0.326503	0.205301	0.250505	12.514667	76	262	0.703722
D4	125-0544	B4	PSYLMUi002-A	CTRL	15820	3.295833	15	3.515333	2.148533	488	14	0.250181	16.237841	10.684286	0.024391	0.02043	16.929296	0.11619	0.107567	0.590971	0.145444	56.860639	31.811769	37	0.123333	0.923773	0.1207	303.972973	140.176969	13.891892	1.196843	21.473911	8.661629	71.093552	0.356467	0.198209	0.170732	4.607333	56	274	0.497198
D5	125-0544	B4	PSYLMUi002-A	CTRL	23434	4.882083	16	4.882083	2.664404	755	16	0.241834	19.991102	10.393893	0.01878	0.014641	10.454123	0.157292	0.103525	0.504084	0.114712	78.385435	9.166479	44	0.146667	0.818678	0.187472	396.886364	264.900439	15.136364	1.047498	25.722371	16.050114	74.519928	0.384233	0.191831	0.290681	13.537917	49	245	0.714699
D6	125-0544	B4	PSYLMUi002-A	CTRL	28087	5.851458	16	5.851458	2.468119	773	16	0.248404	19.758022	13.366813	0.020386	0.015594	24.511322	0.161042	0.152562	0.604246	0.246993	71.439965	17.824513	50	0.166667	0.818331	0.17475	403.38	251.805958	13.76	1.720939	28.395373	14.548066	71.809022	0.40175	0.285901	0.229126	14.168333	42	245	0.631022
A1	125-0543	B4	MPIPi013-A	PCBP2	6130	1.277083	6	3.369444	1.116981	311	2	0.258746	7.154587	1.367667	0.045136	0.043998	3.708531	0.518333	0.50676	0.771424	0.185819	5.105882	15.255395	3	0.01	1.789813	0.356276	73.666667	13.316656	8.333333	0.57735	8.851852	1.645135	3.60522	0.504265		0.02677	0.083139	38	96	0.073884
A2	125-0543	B4	MPIPi013-A	PCBP2	44796	9.3325	16	9.3325	2.85326	1271	15	0.278076	23.609688	14.304209	0.018917	0.013263	6.157606	0.282444	0.299188	0.539309	0.240708	77.437518	23.036092	40	0.133333	1.127048	0.286125	750.55	72.863043	15.9	0.303822	47.213437	4.558745	67.019377	0.312895	0.05769	0.403547	27.573806	21	258	0.689631
A3	125-0543	B4	MPIPi013-A	PCBP2	22708	4.730833	16	4.730833	2.868793	646	15	0.357821	26.552924	14.379762	0.022821	0.018717	10.107831	0.143556	0.112873	0.582265	0.103809	71.683295	23.388015	19	0.063333	1.295208	0.364075	706.894737	77.526981	15.947368	0.229416	44.34386	4.975832	59.146556	0.500266	0.165937	0.525871	16.180361	27	196	0.722899
A4	125-0543	B4	MPIPi013-A	PCBP2	15527	3.234792	16	3.234792	3.237158	553	16	0.181512	22.806296	13.357805	0.012549	0.008911	11.81449	0.115208	0.102422	0.448868	0.136477	76.317156	23.954403	26	0.086667	0.906046	0.11637	446.230769	33.596795	16.0	0.0	27.889423	2.0998	74.721453	0.337193	0.158313	0.643533	13.270611	22	129	0.753401
A5	125-0543	B4	MPIPi013-A	PCBP2	15080	3.141667	16	3.141667	2.678274	480	16	0.244474	18.067609	10.244852	0.01812	0.012924	12.504917	0.1	0.06	0.611518	0.135203	71.539664	18.566383	24	0.08	1.20798	0.130721	403.666667	52.139167	15.958333	0.204124	25.305382	3.333133	64.244032	0.483797	0.108482	0.587272	9.481361	24	91	0.757947
B1	125-0543	B4	MPIPi013-A	PTBP2	27560	5.741667	16	5.741667	3.168013	957	15	0.230489	22.108957	11.330411	0.015797	0.012133	5.59029	0.212667	0.104587	0.471509	0.183092	80.716797	22.930231	48	0.16	0.945402	0.102227	451.854167	32.620311	15.395833	0.494204	29.379688	2.361058	78.697388	0.306829	0.063253	0.600511	24.331778	30	115	0.772204
B2	125-0543	B4	MPIPi013-A	PTBP2	3370	0.702083	11	1.005152	1.835694	127	9	0.124265	8.161745	3.42692	0.017679	0.013694	50.281494	0.047037	0.04128	0.647192	0.268398	23.826351	28.384669	18	0.06	1.436631	0.498005	91.166667	10.472653	12.277778	1.708303	7.536852	1.18708	48.694362	0.460219	0.440694	0.23501	0.380944	36	65	0.377159
B3	125-0543	B4	MPIPi013-A	PTBP2	17238	3.59125	15	3.830222	1.938087	797	15	0.210884	11.859193	4.686399	0.022606	0.018567	18.916676	0.177111	0.240317	0.72119	0.131548	50.04547	26.103439	12	0.04	1.344327	0.326534	334.916667	72.682946	14.916667	0.792961	22.327347	4.515112	23.31477	0.647412	0.356069	0.217663	2.943861	64	151	0.463567
B4	125-0543	B4	MPIPi013-A	PTBP2	16096	3.353333	12	4.469444	1.661163	552	10	0.253728	12.117808	7.65368	0.028129	0.024418	35.415943	0.184	0.326568	0.684228	0.282736	30.989969	34.432625	12	0.04	2.056147	0.705748	350.333333	37.212738	12.166667	0.57735	28.80303	2.728425	26.11829	0.502356	0.254897	0.112856	1.246306	43	230	0.242031
B5	125-0543	B4	MPIPi013-A	PTBP2	16002	3.33375	11	4.842727	1.951577	559	10	0.340019	18.605214	8.491829	0.02784	0.023823	7.499091	0.186333	0.114336	0.701794	0.171501	38.625567	30.334969	17	0.056667	1.492861	0.340045	376.764706	25.380922	11.117647	1.111438	34.162519	3.738915	40.026247	0.491082	0.325867	0.232254	3.19275	45	185	0.306937
B6	125-0543	B4	MPIPi013-A	PTBP2	47862	9.97125	16	9.97125	2.784562	1223	16	0.397916	26.048529	13.514564	0.026218	0.022221	11.404238	0.254792	0.20909	0.752968	0.168051	71.802758	16.386636	27	0.09	1.594237	0.92662	984.222222	192.328912	15.962963	0.19245	61.624074	11.872516	55.522126	0.537047	0.561756	0.461566	30.98125	31	235	0.74204
C1	125-0543	B4	MPIPi013-A	CPSF6	13831	2.881458	12	3.836944	2.692396	592	11	0.263195	14.75715	8.814589	0.023126	0.0185	7.537331	0.179394	0.142203	0.550846	0.19985	49.667577	39.556407	45	0.15	1.071049	0.157918	221.666667	17.812151	11.866667	0.868646	18.77968	2.083378	72.120599	0.274588	0.08369	0.308216	3.274861	28	124	0.400453
C2	125-0543	B4	MPIPi013-A	CPSF6	6730	1.402083	9	2.476667	1.977542	238	6	0.302555	14.069149	7.820996	0.025367	0.02162	25.325115	0.132222	0.115829	0.587312	0.086806	23.528605	36.238181	10	0.033333	1.913576	0.626901	166.0	25.901523	10.7	1.159502	15.719394	3.366359	24.665676	0.556269	0.423103	0.032423	0.181222	32	314	0.102531
C3	125-0543	B4	MPIPi013-A	CPSF6	8026	1.672083	11	2.426364	1.857845	417	10	0.179212	9.829138	5.184128	0.023391	0.018286	13.706785	0.139	0.162823	0.751392	0.134647	34.129251	34.423167	28	0.093333	1.227209	0.574415	144.821429	26.200161	10.928571	0.978607	13.253236	2.293096	50.523299	0.675438	0.64043	0.141348	1.013167	55	141	0.263917
C4	125-0543	B4	MPIPi013-A	CPSF6	1016	0.211667	5	0.658667	1.488878	60	3	0.218331	6.584541	1.045899	0.038413	0.034176	24.040097	0.066667	0.07513	0.606918	0.115505	18.196491	28.542515	0													0.012692	0.006222	26	100	0.063207
C5	125-0543	B4	MPIPi013-A	CPSF6	7146	1.48875	11	2.149091	1.748452	152	12	0.218829	13.281742	6.679148	0.023657	0.017881	42.86802	0.042222	0.04591	0.621109	0.142282	28.168696	23.923835	7	0.023333	1.35624	0.235475	274.142857	17.883219	14.571429	0.534522	18.827891	1.253592	26.854184	0.467865	0.232993	0.202225	0.928972	42	137	0.406396
C6	125-0543	B4	MPIPi013-A	CPSF6	28401	5.916875	16	5.916875	3.720447	784	16	0.279945	29.214606	12.858354	0.013449	0.008605	6.511153	0.163333	0.052154	0.369936	0.13831	87.595143	5.909647	41	0.136667	0.923071	0.083651	581.146341	39.284578	16.0	0.0	36.321646	2.455286	83.894933	0.275217	0.085271	0.702854	28.645222	25	157	0.849494
D1	125-0543	B4	MPIPi013-A	CTRL	6051	1.260625	10	1.994333	1.767929	236	10	0.19368	7.647875	1.962002	0.031842	0.027483	29.027946	0.078667	0.144181	0.751625	0.126064	21.388477	24.116042	13	0.043333	1.512437	0.525565	125.692308	34.917485	11.923077	2.325996	10.391789	1.613972	27.003801	0.733206	0.725432	0.12877	0.34475	2	36	0.228411
D2	125-0543	B4	MPIPi013-A	CTRL	31775	6.619792	16	6.619792	4.466759	744	16	0.37441	39.288926	15.831966	0.016112	0.012424	7.6441	0.155	0.084178	0.554975	0.166424	89.622439	8.031362	30	0.1	1.045376	0.110129	869.133333	50.677978	16.0	0.0	54.320833	3.167374	82.058222	0.405572	0.120948	0.689839	34.422222	25	230	0.866909
D3	125-0543	B4	MPIPi013-A	CTRL	46887	9.768125	16	9.768125	3.59676	1239	15	0.357777	35.454303	13.704381	0.019048	0.015559	7.817725	0.275333	0.287175	0.64176	0.238433	82.269094	23.972258	22	0.073333	1.291898	0.353865	1228.454545	89.454818	15.954545	0.213201	76.986174	5.350849	57.640711	0.43797	0.042506	0.482727	42.356389	24	274	0.7845
D4	125-0543	B4	MPIPi013-A	CTRL	32867	6.847292	16	6.847292	4.012505	679	16	0.370187	40.898079	14.168208	0.015192	0.011843	8.035145	0.141458	0.084511	0.535116	0.205726	85.800933	9.123407	29	0.096667	1.148579	0.079857	875.655172	69.165576	16.0	0.0	54.728448	4.322848	77.262908	0.357209	0.095828	0.696202	34.952194	24	189	0.861817
D5	125-0543	B4	MPIPi013-A	CTRL	35812	7.460833	16	7.460833	4.281117	1041	16	0.26225	33.688527	16.772425	0.01242	0.00869	5.600929	0.216875	0.125707	0.384946	0.16759	91.733306	4.327535	44	0.146667	0.91882	0.069626	695.363636	64.383694	16.0	0.0	43.460227	4.023981	85.43505	0.255293	0.075134	0.773906	48.843778	21	160	0.881246
D6	125-0543	B4	MPIPi013-A	CTRL	25953	5.406875	16	5.406875	3.02303	865	16	0.283628	21.354267	13.089526	0.014593	0.009832	6.843327	0.180208	0.09463	0.412108	0.174581	83.150986	14.424399	43	0.143333	1.136666	0.140091	462.302326	38.53541	16.0	0.0	28.893895	2.408463	76.596155	0.267374	0.17819	0.643204	18.474139	25	93	0.816488
A1	121-2752	B5	PSYLMUi002-A	PCBP2	3426	1.070625	12	1.41875	2.806631	94	11	0.210723	20.709277	27.798823	0.017085	0.012411	19.256771	0.042727	0.028492	0.659726	0.089069	42.878508	38.809327	12	0.06	0.79218	0.201354	260.333333	13.526629	12.666667	1.230915	20.699451	1.892963	91.185055	0.423389	0.355975	0.200747	1.449458	37	113	0.387527
A2	121-2752	B5	PSYLMUi002-A	PCBP2	12410	3.878125	15	4.134	3.215775	268	15	0.323606	39.203945	20.160207	0.016478	0.011907	19.985641	0.089333	0.115184	0.704358	0.166742	75.22845	21.608337	5	0.025	1.370336	0.101885	1515.8	148.100304	16.0	0.0	94.7375	9.256269	61.071716	0.361406	0.132151	0.363446	15.069667	29	330	0.755336
A3	121-2752	B5	PSYLMUi002-A	PCBP2	15449	4.827813	16	4.827813	4.075936	532	16	0.245909	23.723515	10.772875	0.01595	0.012264	20.154534	0.16625	0.255007	1.17368	0.26731	81.745569	16.349489	6	0.03	1.6676	0.297853	1372.666667	154.395164	16.0	0.0	85.791667	9.649698	53.310894	0.597306	0.144457	0.346972	12.736167	41	315	0.75755
A4	121-2752	B5	PSYLMUi002-A	PCBP2	19955	6.235938	16	6.235937	3.125185	539	16	0.483922	66.889423	35.478475	0.014457	0.0112	25.759118	0.168437	0.299019	0.589622	0.178767	79.063574	9.578942	6	0.03	1.46428	0.292723	1888.0	33.015148	16.0	0.0	118.0	2.063447	56.767727	0.403181	0.12187	0.458278	27.3785	38	325	0.849451
A5	121-2752	B5	PSYLMUi002-A	PCBP2	22556	7.04875	16	7.04875	4.73434	416	16	0.395095	53.27764	35.63433	0.013377	0.009407	11.921804	0.13	0.151965	0.676378	0.193652	88.53683	12.145846	11	0.055	1.287033	0.071813	1598.272727	38.121099	16.0	0.0	99.892045	2.382569	77.943784	0.346798	0.07002	0.458627	35.577125	41	344	0.818476
B1	121-2752	B5	PSYLMUi002-A	PTBP2	20621	6.444063	14	7.359286	4.019367	443	14	0.363685	35.879196	18.301461	0.019222	0.015032	9.299516	0.158214	0.178612	0.724425	0.134001	75.757679	28.904866	11	0.055	1.355411	0.073346	1311.0	101.12072	14.545455	0.522233	90.14026	6.512949	69.933563	0.460295	0.117165	0.313265	21.051792	35	428	0.664299
B2	121-2752	B5	PSYLMUi002-A	PTBP2	7715	2.410938	16	2.410938	3.398959	179	16	0.280312	29.868378	13.164562	0.017377	0.013787	16.408501	0.055938	0.016854	1.756293	0.502658	75.785221	14.152376	3	0.015	2.694907	0.477386	1808.0	245.599267	16.0	0.0	113.0	15.349954	70.304601	0.271948		0.432259	8.9835	54	208	0.753516
B3	121-2752	B5	PSYLMUi002-A	PTBP2	23078	7.211875	16	7.211875	6.47006	307	16	0.399469	66.199212	43.43501	0.010753	0.007778	8.85942	0.095938	0.018728	1.722252	0.284119	87.853656	9.706434	7	0.035	2.418526	0.870112	2877.428571	1164.922008	16.0	0.0	179.839286	72.807626	87.277927	0.715199	0.633113	0.615336	46.608125	30	307	0.849135
B4	121-2752	B5	PSYLMUi002-A	PTBP2	11995	3.748438	16	3.748437	4.617114	242	16	0.333738	39.932268	28.409771	0.018416	0.01418	16.981976	0.075625	0.051925	1.1232	0.32828	81.953668	15.659648	5	0.025	2.213456	0.085657	1842.8	37.218275	16.0	0.0	115.175	2.326142	76.81534	0.222215	0.055219	0.50723	16.592958	34	191	0.777445
B5	121-2752	B5	PSYLMUi002-A	PTBP2	16179	5.055937	16	5.055937	3.726857	216	16	0.44601	60.991403	38.06069	0.014072	0.010384	18.52888	0.0675	0.035777	0.492681	0.215643	78.372523	17.448071	10	0.05	1.33688	0.055498	1337.9	34.219715	16.0	0.0	83.61875	2.138732	82.693615	0.294353	0.082522	0.51363	25.886167	34	254	0.787107
B6	121-2752	B5	PSYLMUi002-A	PTBP2	18806	5.876875	16	5.876875	3.486366	355	15	0.311043	35.985373	23.615011	0.015385	0.011385	9.973104	0.118333	0.072152	0.443667	0.125884	78.946798	27.367658	16	0.08	1.11853	0.074157	937.625	29.603772	16.0	0.0	58.601563	1.850236	79.772413	0.315647	0.071296	0.334487	21.643125	41	311	0.710081
C1	121-2752	B5	PSYLMUi002-A	CPSF6	13680	4.275	16	4.275	3.747222	304	16	0.305506	37.845454	26.417927	0.015986	0.012205	12.383548	0.095	0.071438	0.360527	0.155466	82.370612	19.697572	14	0.07	0.949697	0.116068	822.071429	21.727205	16.0	0.0	51.379464	1.35795	84.130117	0.233004	0.180502	0.426317	18.62475	31	245	0.710114
C2	121-2752	B5	PSYLMUi002-A	CPSF6	12656	3.955	16	3.955	4.125578	235	16	0.349197	46.174899	43.499571	0.013555	0.009739	15.532007	0.073438	0.049184	1.587203	0.507023	79.727022	20.129237	4	0.02	2.56094	0.413799	2399.25	225.705376	16.0	0.0	149.953125	14.106586	75.829646	0.267764	0.204243	0.541938	18.28675	38	220	0.808706
C3	121-2752	B5	PSYLMUi002-A	CPSF6	10076	3.14875	15	3.356333	4.456776	193	15	0.314376	43.282692	28.753059	0.011768	0.008701	15.990743	0.064333	0.02219	0.872434	0.204933	79.398603	24.712947	7	0.035	1.754857	0.483051	1233.285714	216.416816	15.857143	0.377964	77.923214	14.504673	85.678841	0.375472	0.485656	0.500098	14.850458	37	232	0.744345
C4	121-2752	B5	PSYLMUi002-A	CPSF6	13278	4.149375	16	4.149375	6.826704	278	16	0.326106	42.002757	30.016409	0.013209	0.009615	12.1684	0.086875	0.031138	1.345039	0.375528	90.279902	10.062144	7	0.035	1.939497	0.275438	1723.142857	95.162017	16.0	0.0	107.696429	5.947626	90.841994	0.507363	0.274073	0.551133	21.79325	36	270	0.838068
C5	121-2752	B5	PSYLMUi002-A	CPSF6	11616	3.63	16	3.63	5.694928	330	16	0.218576	25.549242	14.778315	0.013253	0.009379	12.316118	0.103125	0.098351	1.506996	0.339346	86.031688	13.067871	5	0.025	2.20336	0.434494	1672.0	243.019547	16.0	0.0	104.5	15.188722	71.969697	0.320722	0.038574	0.495333	13.19125	39	169	0.805595
C6	121-2752	B5	PSYLMUi002-A	CPSF6	22016	6.88	16	6.88	4.419752	390	16	0.416158	54.248624	32.280064	0.013841	0.010024	11.54376	0.121875	0.11676	0.631743	0.201833	88.627445	6.268189	12	0.06	1.26922	0.106028	1485.916667	76.801347	16.0	0.0	92.869792	4.800084	80.991097	0.306353	0.061872	0.534136	37.154333	40	291	0.847888
D1	121-2752	B5	PSYLMUi002-A	CTRL	13519	4.224687	8	8.431875	3.048415	359	7	0.333254	25.40918	20.727737	0.021807	0.016775	14.353705	0.256429	0.363693	0.864139	0.17142	43.75715	44.409437	10	0.05	1.547248	0.427393	629.8	30.860979	9.7	1.159502	65.548283	6.433257	46.586286	0.713366	0.134741	0.084854	3.510167	54	502	0.290225
D2	121-2752	B5	PSYLMUi002-A	CTRL	15208	4.7525	16	4.7525	4.381486	276	16	0.377301	48.689571	24.828576	0.012193	0.008674	12.233259	0.08625	0.028431	0.586582	0.185263	90.007417	6.64296	11	0.055	1.128058	0.09011	1189.545455	31.500361	16.0	0.0	74.346591	1.968773	86.040242	0.290609	0.133814	0.532134	25.504083	35	293	0.865517
D3	121-2752	B5	PSYLMUi002-A	CTRL	22525	7.039063	16	7.039062	3.265781	450	15	0.362248	32.869937	13.691732	0.019177	0.014434	13.81401	0.15	0.156627	0.607061	0.150938	77.06011	22.481231	22	0.11	1.05028	0.292343	731.045455	557.897198	14.545455	1.595448	47.96929	33.22008	71.400666	0.299936	0.520046	0.238034	20.425958	47	425	0.695609
D4	121-2752	B5	PSYLMUi002-A	CTRL	18826	5.883125	16	5.883125	5.20307	279	16	0.462516	63.871499	35.562036	0.011061	0.007693	13.936199	0.087188	0.059441	0.688489	0.190657	90.994297	6.751319	11	0.055	1.171069	0.082147	1461.090909	79.015764	16.0	0.0	91.318182	4.938485	85.371295	0.418078	0.083445	0.521615	33.156125	32	355	0.88433
D5	121-2752	B5	PSYLMUi002-A	CTRL	23320	7.2875	16	7.2875	4.0097	427	16	0.331592	46.910782	27.763937	0.01304	0.009374	10.941382	0.133437	0.148388	0.416479	0.276777	87.384392	11.572612	15	0.075	1.185147	0.063105	1236.0	26.131535	16.0	0.0	77.25	1.633221	79.502573	0.17738	0.041706	0.399747	36.767625	35	381	0.78743
D6	121-2752	B5	PSYLMUi002-A	CTRL	6319	1.974687	14	2.251429	2.914624	136	13	0.260443	25.490565	28.887648	0.016711	0.01208	20.073628	0.052308	0.032315	0.558547	0.207529	47.116178	35.571725	12	0.06	1.076427	0.152416	429.666667	22.414822	14.833333	0.57735	29.004514	1.852545	81.595189	0.350621	0.122492	0.230802	3.295083	53	210	0.465517
A1	121-2753	B5	MPIPi013-A	PCBP2	2122	0.442083	6	1.155	1.227335	23	4	0.126415	5.5625	1.016928	0.025999	0.021087	70.968376	0.019167	0.015	0.947734	0.202288	5.630599	9.157794	7	0.023333	1.165886	0.455215	30.714286	5.089672	8.428571	0.534522	3.650794	0.631317	10.131951	0.602902	0.842625	0.067443	0.039	13	23	0.163904
A2	121-2753	B5	MPIPi013-A	PCBP2	25541	5.321042	14	6.072143	2.695772	728	12	0.351243	20.449656	13.189251	0.023819	0.018578	12.903036	0.202222	0.207312	0.57222	0.216651	56.866297	37.365678	27	0.09	1.726344	0.719393	525.333333	63.703037	14.62963	0.791695	35.905138	3.693807	55.534239	0.339934	0.449269	0.268068	7.026333	30	214	0.530677
A3	121-2753	B5	MPIPi013-A	PCBP2	18934	3.944583	16	3.944583	2.446081	645	16	0.255685	15.473291	13.309923	0.022308	0.01624	21.328464	0.134375	0.144718	0.588563	0.308788	55.802157	31.248941	42	0.14	1.104937	0.154362	322.142857	18.846713	15.880952	0.32777	20.291468	1.219512	71.458751	0.260787	0.073913	0.384404	6.718222	29	123	0.592773
A4	121-2753	B5	MPIPi013-A	PCBP2	15571	3.243958	14	3.70381	3.158661	465	14	0.229474	20.764086	20.040368	0.016392	0.011441	19.520278	0.110714	0.071375	0.56426	0.364204	57.731128	38.89175	47	0.156667	0.845888	0.133132	307.659574	23.475497	14.085106	0.686193	21.871838	1.697381	92.864941	0.19668	0.283089	0.434215	8.025389	23	117	0.552753
A5	121-2753	B5	MPIPi013-A	PCBP2	17588	3.664167	16	3.664167	2.446189	520	12	0.278458	19.533534	17.34734	0.022429	0.017843	13.853101	0.144444	0.088846	0.492397	0.166914	47.140373	37.838032	44	0.146667	1.094918	0.178755	318.909091	17.718494	15.022727	0.730996	21.278206	1.601786	79.781669	0.246707	0.104374	0.316935	5.993278	27	149	0.487334
A6	121-2753	B5	MPIPi013-A	PCBP2	6600	1.375	10	2.184667	1.669787	247	6	0.218446	11.821753	7.128147	0.024908	0.02074	25.354435	0.137222	0.128727	0.64001	0.144946	21.291043	29.412024	33	0.11	1.231127	0.322622	127.30303	12.785453	9.666667	0.989529	13.282147	1.743291	63.651515	0.437616	0.245739	0.139451	0.718917	28	98	0.278963
B1	121-2753	B5	MPIPi013-A	PTBP2	14460	3.0125	14	3.437143	2.43121	543	14	0.178921	14.177993	10.572677	0.017462	0.012181	11.098022	0.129286	0.11174	0.482229	0.219861	56.535879	39.391094	42	0.14	0.965844	0.130403	260.071429	13.139761	14.214286	0.716894	18.341279	1.287349	75.539419	0.298807	0.113357	0.407504	5.515	23	93	0.563393
B2	121-2753	B5	MPIPi013-A	PTBP2	11373	2.369375	8	4.70625	2.774043	395	8	0.296334	12.713086	9.778793	0.032977	0.02881	13.112378	0.164583	0.207127	0.621465	0.221725	33.693485	39.075872	26	0.086667	2.007043	0.607045	267.807692	33.109538	10.0	1.095445	27.204924	5.253114	61.223951	0.31173	0.380811	0.07012	0.810333	45	318	0.183038
B3	121-2753	B5	MPIPi013-A	PTBP2	8613	1.794375	14	2.050476	1.839227	369	12	0.254894	10.423302	6.423497	0.027515	0.021748	21.26432	0.1025	0.059783	0.484699	0.167889	39.037536	30.4677	35	0.116667	1.464955	0.397365	147.142857	13.517185	13.4	0.694516	11.00264	1.089147	59.793336	0.408097	0.388346	0.219017	0.934	51	117	0.304999
B4	121-2753	B5	MPIPi013-A	PTBP2	8857	1.845208	6	4.894444	2.232458	275	5	0.310006	17.47036	15.983757	0.027623	0.023683	24.821466	0.183333	0.180432	0.877472	0.060886	21.874613	34.42476	8	0.026667	1.56664	0.535874	244.625	27.635058	8.25	0.46291	29.623264	2.38513	22.095518	1.31567	0.082764	0.064165	0.527389	46	404	0.1456
B5	121-2753	B5	MPIPi013-A	PTBP2	7721	1.608542	10	2.561333	2.163648	192	10	0.27408	9.870224	6.238538	0.03839	0.034776	30.24991	0.064	0.063242	0.733055	0.234458	18.801915	23.392828	16	0.053333	1.832845	0.372306	183.0	13.038405	11.375	0.885061	16.167956	1.596402	37.922549	0.541789	0.244014	0.114718	0.535	24	78	0.155998
B6	121-2753	B5	MPIPi013-A	PTBP2	17081	3.558542	16	3.558542	3.222126	542	14	0.24179	21.035528	15.115262	0.01667	0.012606	23.078436	0.129048	0.072104	0.433074	0.218427	63.804762	39.894636	43	0.143333	0.930491	0.126277	348.418605	21.322057	15.651163	0.529318	22.284635	1.535326	87.711492	0.245776	0.180097	0.552836	9.688972	19	100	0.66873
C1	121-2753	B5	MPIPi013-A	CPSF6	28013	5.836042	16	5.836042	4.153311	769	16	0.326927	31.042905	18.401522	0.01671	0.011876	6.679971	0.160208	0.052359	0.397811	0.139719	88.09025	11.714371	40	0.133333	0.95021	0.135216	605.275	34.033157	16.0	0.0	37.829687	2.127072	86.42773	0.27855	0.163803	0.62846	23.319528	20	192	0.78316
C2	121-2753	B5	MPIPi013-A	CPSF6	7933	1.652708	11	2.392121	2.106405	272	9	0.206754	12.671521	8.646735	0.025325	0.020771	21.912846	0.100741	0.091299	0.774038	0.255428	27.36683	33.202491	20	0.066667	1.295716	0.33787	199.8	13.485275	12.05	0.759155	16.635048	1.435149	50.371864	0.574926	0.266845	0.136632	1.001667	36	160	0.214653
C3	121-2753	B5	MPIPi013-A	CPSF6	5900	1.229167	6	3.265	2.68954	306	6	0.402434	12.261957	9.714517	0.035305	0.031181	14.629175	0.17	0.14019	0.641877	0.110273	26.485476	35.627846	2	0.006667	3.328	1.672845	122.5	60.104076	8.0	0.0	15.3125	7.51301	4.152542			0.011595	0.071333	57	836	0.047101
C4	121-2753	B5	MPIPi013-A	CPSF6	3676	0.765833	9	1.354815	1.887344	124	6	0.213482	12.602132	7.721513	0.022587	0.017487	18.117343	0.068889	0.033775	0.477438	0.096785	21.447655	27.863389	21	0.07	1.270651	0.342299	102.285714	10.932259	9.095238	0.94365	11.321429	1.360735	58.433079	0.294813	0.272766	0.129747	0.313861	32	98	0.153374
C5	121-2753	B5	MPIPi013-A	CPSF6	6087	1.268125	9	2.238148	1.946039	300	7	0.221748	10.579535	8.302342	0.021906	0.018389	34.277765	0.142857	0.282773	0.544946	0.178135	24.97922	34.487035	17	0.056667	1.620894	0.780792	143.235294	18.866403	10.0	1.118034	14.547846	2.903972	40.003286	0.315306	0.347452	0.073539	0.318889	19	107	0.20884
C6	121-2753	B5	MPIPi013-A	CPSF6	10359	2.158125	12	2.856389	2.52182	506	12	0.199942	12.738092	10.933122	0.021361	0.016108	9.346293	0.140556	0.108384	0.525785	0.2245	45.278068	39.182708	55	0.183333	0.764602	0.185549	161.927273	13.398251	12.981818	1.062682	12.554476	1.4718	85.97355	0.251412	0.358069	0.339064	2.761361	22	77	0.452121
D1	121-2753	B5	MPIPi013-A	CTRL	23701	4.937708	12	6.571944	1.937183	891	11	0.329509	15.298605	8.07552	0.026719	0.023176	13.004811	0.27	0.337665	0.640343	0.151693	44.376699	33.301102	27	0.09	1.628921	0.567748	409.333333	59.735314	12.703704	0.823446	32.391624	5.493046	46.630944	0.37036	0.409258	0.23077	4.886583	28	139	0.458649
D2	121-2753	B5	MPIPi013-A	CTRL	25716	5.3575	16	5.3575	3.6194	746	15	0.278436	28.407622	16.188601	0.01571	0.012216	10.688919	0.165778	0.068782	0.446521	0.277655	78.544212	29.526089	45	0.15	0.914318	0.087975	496.533333	25.803981	15.777778	0.471405	31.511865	2.122418	86.887541	0.253491	0.053854	0.596752	21.743806	22	160	0.746909
D3	121-2753	B5	MPIPi013-A	CTRL	19419	4.045625	13	4.971026	3.008204	468	11	0.307823	28.742558	28.372819	0.021623	0.017345	10.991954	0.141818	0.066322	0.580204	0.238466	52.94135	40.306466	40	0.133333	0.956948	0.097267	408.05	28.432511	13.1	0.841244	31.246012	2.602325	84.051702	0.297037	0.061109	0.303551	8.881194	20	213	0.4542
D4	121-2753	B5	MPIPi013-A	CTRL	13950	2.90625	15	3.094667	3.472101	533	15	0.228678	21.260721	17.974974	0.014183	0.008967	9.346074	0.118444	0.029543	0.395659	0.154752	81.539269	26.831233	37	0.123333	0.861064	0.17347	336.972973	16.798622	15.486486	0.506712	21.774437	1.169325	89.376344	0.266769	0.294492	0.613119	8.578778	22	102	0.718027
D5	121-2753	B5	MPIPi013-A	CTRL	36969	7.701875	16	7.701875	4.967217	649	16	0.364748	49.596931	23.538611	0.013364	0.009954	8.126677	0.135208	0.062574	0.420547	0.202872	91.767213	6.289905	30	0.1	1.019613	0.120025	1071.3	70.430279	16.0	0.0	66.95625	4.401892	86.935	0.249681	0.086283	0.658517	44.313	21	276	0.848902
D6	121-2753	B5	MPIPi013-A	CTRL	5720	1.191667	12	1.578889	2.284534	290	10	0.181452	11.789822	9.700683	0.019165	0.013743	18.80366	0.096667	0.056873	0.47963	0.235116	39.350286	38.79432	46	0.153333	0.694184	0.219663	116.021739	9.332117	11.76087	1.138904	9.949501	1.191432	93.304196	0.239537	0.393277	0.362891	1.394028	24	64	0.387554
A2	P4	B1	PSYLMUi041-A	PCBP2	15870	3.270816	16	3.270816	2.617145	729	16	0.134679	14.718816	5.952731	0.014339	0.01243	19.990076	0.150247	0.253214	0.596059	0.158461	73.664034	25.321657	78	0.257214	1.953337	1.068959	152.820513	140.634623	8.820513	3.364226	15.193112	7.913167	75.110271	0.632078	0.662614	0.462093	6.633059	47	95	0.761095
A3	P4	B1	PSYLMUi041-A	PTBP2	3321	0.68446	13	0.840383	1.864562	141	11	0.102622	9.949567	11.514416	0.013472	0.009356	18.941471	0.042269	0.027105	0.530034	0.178649	41.044834	33.366941	21	0.06925	0.454107	0.108013	108.095238	8.160299	12.857143	0.853564	8.441669	0.835381	68.352906	0.374601	0.301075	0.241488	0.691371	38	90	0.465185
A4	P4	B1	PSYLMUi041-A	PTBP2	11062	2.279885	15	2.431657	2.82646	502	14	0.157754	14.44221	6.303896	0.014608	0.0115	13.8728	0.118243	0.099408	0.479242	0.162069	65.994193	33.801657	30	0.098928	0.956429	0.337672	220.766667	85.374907	13.066667	3.542192	15.979921	3.77313	59.871633	0.500896	0.418079	0.504126	5.474993	38	90	0.656715
A5	P4	B1	PSYLMUi041-A	CTRL	87899	18.116035	16	18.116035	3.351271	2056	16	0.318535	35.386759	12.533854	0.012729	0.008773	2.914544	0.423743	0.252575	0.41194	0.174796	90.89896	6.721389	77	0.253916	3.548316	2.483029	1133.727273	742.672391	14.935065	2.054121	71.647289	45.42062	99.315123	0.630041	1.301587	0.596004	104.243226	32	164	0.877592
A6	P4	B1	PSYLMUi041-A	CTRL	61171	12.607378	16	12.607378	2.673489	1844	16	0.224955	23.166765	13.733979	0.013526	0.009529	9.28521	0.380049	0.320941	0.441125	0.271331	80.030046	27.201002	105	0.346249	2.267541	1.105414	568.133333	252.600287	14.580952	2.597265	36.895765	13.984827	97.520067	0.415036	0.668305	0.490827	50.617587	35	162	0.785084
B1	P4	B1	PSYLMUi041-A	PCBP2	324	0.066777	3	0.336356	1.248652	1	1	0.06184	5.0		0.01546	0.01456		0.003298				1.27551	3.607688	0													0.019579	0.001814	23	26	0.049735
B2	P4	B1	PSYLMUi041-A	PCBP2	22891	4.717848	15	5.029294	2.160339	1065	15	0.189906	13.440547	6.64908	0.020249	0.017054	12.51591	0.23413	0.317714	0.595586	0.173427	59.970956	25.059652	76	0.250618	3.053694	2.322485	275.986842	234.986893	11.302632	3.089853	21.717461	13.894051	91.629898	0.667901	1.172414	0.372238	8.448337	59	113	0.650101
B3	P4	B1	PSYLMUi041-A	PTBP2	10815	2.228978	13	2.737269	1.766196	542	11	0.16625	9.134948	4.258157	0.022794	0.018135	20.6679	0.162482	0.15603	0.598627	0.248555	33.828565	31.467381	47	0.154988	0.925278	0.336131	113.468085	24.056863	12.468085	1.827936	9.069465	1.316134	49.311142	0.377254	0.582857	0.167936	1.314207	57	112	0.327681
B4	P4	B1	PSYLMUi041-A	PTBP2	15837	3.264015	14	3.726298	2.041505	724	12	0.246251	12.842245	6.229054	0.026644	0.023062	13.784922	0.198956	0.163969	0.673897	0.159147	43.783262	33.733958	81	0.267106	2.027636	1.043357	156.246914	112.965651	10.320988	2.479048	13.862722	6.96438	79.914125	0.531042	0.483776	0.297171	3.648035	56	118	0.473456
B5	P4	B1	PSYLMUi041-A	CTRL	23713	4.887263	14	5.576728	1.507141	1039	12	0.220317	11.68449	5.959133	0.025506	0.020743	9.764204	0.285518	0.29664	0.555905	0.189979	38.662465	29.821153	95	0.313273	2.615617	1.53164	234.463158	132.447164	12.210526	1.681531	18.403201	9.054218	93.931599	0.505959	0.777011	0.21822	4.548832	52	145	0.387178
B6	P4	B1	PSYLMUi041-A	CTRL	32099	6.615622	15	7.051827	2.412271	1348	14	0.212442	16.83272	6.872083	0.015362	0.011298	3.528831	0.317513	0.15043	0.387783	0.127347	67.495855	31.774622	104	0.342951	1.859565	1.044276	280.298077	145.743749	13.442308	2.404797	19.690922	8.696362	90.815913	0.48101	0.590476	0.536011	17.614345	32	95	0.639981
C1	P4	B1	PSYLMUi041-A	CTRL	52471	10.814303	16	10.814303	3.059083	1364	16	0.222579	26.379861	16.764762	0.011384	0.007633	4.529498	0.281121	0.175518	0.420646	0.214455	84.551786	15.010577	112	0.369332	1.818285	0.966288	451.723214	256.869168	13.633929	3.422226	29.86739	14.064186	96.42088	0.478971	0.806349	0.547604	45.829981	28	140	0.812682
C2	P4	B1	PSYLMUi041-A	CTRL	28359	5.844806	16	5.844806	3.442748	1295	16	0.139343	19.933345	9.942559	0.007998	0.005003	3.751773	0.2669	0.012307	0.241696	0.05303	93.668508	5.558755	82	0.270404	0.529531	0.147367	325.47561	14.586672	16.0	0.0	20.342226	0.911667	94.111217	0.227544	0.336634	0.774672	34.750976	27	93	0.895749
C3	P4	B1	PSYLMUi041-A	CTRL	66866	13.781121	16	13.781121	3.172141	1654	16	0.300619	33.164181	9.939288	0.014233	0.010525	4.152454	0.34089	0.271735	0.43211	0.201291	88.684801	6.885026	100	0.329761	2.454405	1.727511	656.03	532.110387	14.04	2.369503	42.360284	32.001318	98.111148	0.656753	1.013624	0.569898	72.488239	34	178	0.864081
C4	P4	B1	PSYLMUi041-A	CTRL	42061	8.668796	16	8.668796	2.369211	1745	16	0.217155	18.677818	6.781027	0.017146	0.013174	3.70515	0.359646	0.255055	0.47611	0.137399	78.818436	9.917716	98	0.323166	2.500038	2.07034	414.285714	287.683209	14.77551	1.796506	26.573788	17.313772	96.526473	0.686688	0.936061	0.621058	33.475488	41	115	0.8227
C5	P4	B1	PSYLMUi041-A	CTRL	56283	11.599959	16	11.599959	4.083071	1617	15	0.194295	32.965666	13.572373	0.006268	0.003673	2.810382	0.355482	0.005169	0.132023	0.028245	90.133342	24.255458	107	0.352844	0.668959	0.222957	507.728972	23.42816	15.420561	0.495972	32.961916	1.906222	96.524706	0.134482	0.418605	0.758198	90.387634	29	117	0.86781
C6	P4	B1	PSYLMUi041-A	CTRL	15135	3.119332	14	3.560476	2.240309	983	12	0.089105	10.850453	8.000495	0.011154	0.008852	5.007828	0.270129	0.111015	0.468555	0.206699	56.385445	37.777056	109	0.359439	0.377271	0.219692	127.440367	18.217529	13.247706	0.829502	9.616435	1.208822	91.780641	0.184995	0.830769	0.416375	7.990464	30	77	0.558193
D1	P4	B1	PSYLMUi041-A	CTRL	65953	13.592951	16	13.592951	3.69235	1909	16	0.244193	30.81111	11.697311	0.009957	0.006249	2.571393	0.393446	0.064628	0.255603	0.105759	92.371486	5.263202	119	0.392415	1.09931	0.409818	525.722689	159.216191	15.478992	1.583007	33.050402	9.391457	94.856944	0.280989	0.409756	0.756988	89.051168	27	133	0.908767
D2	P4	B1	PSYLMUi041-A	CTRL	127314	26.239489	16	26.239489	3.158022	2504	16	0.402354	46.285375	3.825065	0.015687	0.011641	2.40138	0.516076	0.281894	0.478013	0.155016	89.917151	3.777736	63	0.207749	4.526645	3.673754	2013.920635	1608.046724	15.619048	1.038432	126.026068	100.316737	99.656754	0.764381	1.179085	0.59632	191.273702	34	213	0.906145
D3	P4	B1	PSYLMUi041-A	CTRL	83858	17.283182	16	17.283182	3.173825	1918	16	0.3299	34.714225	13.720598	0.015844	0.01219	3.084449	0.395301	0.205396	0.48994	0.161092	89.924886	6.917665	77	0.253916	3.591959	2.50027	1080.207792	697.896168	14.753247	2.312187	68.588937	42.320206	99.18672	0.651427	1.204991	0.589145	96.487359	33	174	0.860656
D4	P4	B1	PSYLMUi041-A	CTRL	74670	15.38953	16	15.38953	3.503344	1759	16	0.316755	36.036605	9.494975	0.014027	0.01004	3.189048	0.362531	0.169616	0.407254	0.160854	89.286953	6.411349	121	0.399011	1.543012	0.819643	597.264463	394.46759	14.652893	1.865077	38.089367	23.778155	96.784519	0.47902	0.640316	0.631274	100.678923	34	165	0.895572
D5	P4	B1	PSYLMUi041-A	CTRL	33223	6.847279	16	6.847279	3.402826	1305	16	0.15508	20.757525	11.118264	0.009031	0.006104	4.325467	0.268961	0.187989	0.268735	0.158782	93.082716	6.524206	77	0.253916	1.119019	0.402139	382.662338	116.625199	14.922078	2.990187	24.665546	5.399006	88.688559	0.287741	0.544601	0.63888	33.593322	31	102	0.871115
D6	P4	B1	PSYLMUi041-A	CTRL	61057	12.583883	16	12.583883	3.282953	1526	15	0.234821	27.280468	20.232741	0.012227	0.008436	6.456298	0.335477	0.244482	0.424386	0.308756	80.055746	32.598824	83	0.273702	1.908363	1.025917	684.879518	161.374311	15.228916	1.062961	44.785485	9.572544	93.101528	0.295945	0.66055	0.454222	47.366502	30	191	0.707934
A2	P5	B1	MPIPi011-A	PTBP2	17257	3.484855	14	3.98246	1.767342	794	13	0.226681	11.047272	5.240072	0.026138	0.022833	25.902983	0.197341	0.2944	0.716479	0.154259	43.214109	23.375859	91	0.294023	1.994471	1.083361	156.164835	109.264233	9.153846	2.284844	15.766632	7.488027	82.349192	0.559958	0.719033	0.13062	2.203366	69	234	0.40239
A3	P5	B1	MPIPi011-A	CTRL	16568	3.345719	16	3.345719	2.605662	462	16	0.267982	27.338758	15.646256	0.016809	0.013379	18.456709	0.093296	0.126546	0.484511	0.169152	71.179151	21.985442	43	0.138934	1.344253	0.339286	260.139535	274.490661	12.348837	2.852599	17.868937	16.062649	67.515693	0.614488	0.283525	0.414775	10.766155	57	192	0.788676
A4	P5	B1	MPIPi011-A	CTRL	26999	5.452141	15	5.814109	2.750368	766	15	0.196292	17.227047	12.343953	0.015602	0.011619	20.852808	0.164997	0.281354	0.689088	0.187747	70.331081	27.76714	48	0.155089	2.211783	0.990711	390.4375	288.309667	9.791667	4.419292	35.104601	13.189284	69.413682	0.711771	0.596491	0.199639	7.511335	57	263	0.635235
A6	P5	B1	MPIPi011-A	PCBP2	5403	1.091074	8	2.147415	1.196017	204	6	0.178866	7.318141	1.651857	0.031057	0.02704	32.421332	0.109855	0.110669	0.706385	0.175992	12.337132	18.958139	12	0.038772	0.59192	0.16642	71.083333	13.131907	9.0	1.3484	7.986183	1.533918	15.787525	0.879461	0.32	0.062816	0.160474	5	74	0.115698
B1	P5	B1	MPIPi011-A	PCBP2	17226	3.478595	8	6.919225	1.501232	722	7	0.186828	12.116879	6.455416	0.022739	0.018031	10.855324	0.333256	0.41767	0.701283	0.275191	24.846996	31.077143	79	0.25525	1.05607	0.483415	137.417722	64.649272	7.683544	1.556988	17.320491	6.376281	63.021015	0.43109	0.534031	0.095046	2.324448	37	173	0.212606
B2	P5	B1	MPIPi011-A	PTBP2	5573	1.125404	11	1.620209	2.14144	176	10	0.121704	11.970813	11.446096	0.013895	0.011703	40.354877	0.056866	0.0691	0.707614	0.240131	34.232217	36.23006	24	0.077544	0.728163	0.126776	159.291667	9.557511	12.083333	1.380506	13.335433	1.601364	68.5986	0.497493	0.251748	0.164939	1.080075	33	133	0.42802
B3	P5	B1	MPIPi011-A	CTRL	8793	1.775646	15	1.892084	2.280268	246	14	0.153631	15.506102	9.653275	0.015145	0.011767	34.797732	0.056774	0.058663	0.485798	0.137481	52.931396	28.045829	15	0.048465	0.833888	0.219453	327.4	23.918911	15.133333	0.915475	21.723953	2.227771	55.851245	0.440328	0.26087	0.319039	3.521809	45	136	0.62652
B5	P5	B1	MPIPi011-A	CTRL	8930	1.803312	14	2.051235	1.883754	492	10	0.139184	11.189945	7.864844	0.017169	0.011608	11.431696	0.158966	0.11884	0.458866	0.317715	37.172964	42.129432	77	0.248788	0.358196	0.098534	103.064935	9.589382	11.493506	1.410705	9.060618	1.092763	88.868981	0.250053	0.447761	0.258743	2.599596	35	96	0.398325
B6	P5	B1	MPIPi011-A	PTBP2	25254	5.099758	12	6.788907	1.840833	820	11	0.247253	13.998464	11.135742	0.023259	0.018505	28.863983	0.240858	0.416068	0.689863	0.26876	45.779615	37.674023	35	0.113086	5.238395	3.278699	557.771429	226.977206	11.0	2.700762	51.087998	20.254643	77.302606	0.392559	1.105438	0.100277	3.215859	46	288	0.38993
C1	P5	B1	MPIPi011-A	PCBP2	3395	0.685582	5	2.111147	1.711024	116	5	0.159377	11.543697	6.56313	0.018912	0.015506	21.88816	0.07496	0.061956	0.495398	0.18616	14.010889	25.809548	26	0.084006	0.328111	0.097962	61.576923	6.842064	7.730769	1.150919	8.072955	1.085199	47.157585	0.547074	0.276923	0.1059	0.272132	47	116	0.179408
C2	P5	B1	MPIPi011-A	PTBP2	8053	1.626212	6	4.32364	2.009221	321	5	0.202773	11.845596	6.068728	0.025658	0.021432	27.239729	0.207431	0.384541	0.686771	0.172871	20.185523	36.131382	12	0.038772	1.241533	0.255278	234.416667	11.524348	7.5	1.087115	31.829861	4.648316	34.931082	0.776795	0.058091	0.030277	0.296931	31	260	0.123382
C3	P5	B1	MPIPi011-A	CTRL	30616	6.182553	15	6.594723	2.11392	1024	15	0.248188	16.53366	10.059677	0.023854	0.019537	17.065633	0.220571	0.247404	0.555123	0.206637	61.455315	24.774089	84	0.271405	2.077217	1.14999	322.142857	245.048367	12.166667	2.57342	23.674771	14.992073	88.385158	0.51298	0.670423	0.244557	11.824556	49	242	0.609193
C4	P5	B1	MPIPi011-A	CTRL	6042	1.220113	16	1.220113	2.57854	236	16	0.157124	13.750482	10.75482	0.015374	0.01118	25.372726	0.047658	0.023044	0.678061	0.133872	71.326306	22.081996	15	0.048465	0.806453	0.122703	265.333333	20.855512	15.933333	0.258199	16.650556	1.247696	65.872228	0.644112	0.280255	0.424165	2.498034	34	98	0.712126
C5	P5	B1	MPIPi011-A	CTRL	27650	5.583603	15	5.954766	2.709575	904	15	0.172123	18.470439	17.95412	0.013449	0.010581	21.136242	0.194723	0.124279	0.48757	0.198411	68.207354	36.48478	77	0.248788	1.137932	0.492056	326.792208	56.470611	14.142857	1.627998	22.919644	3.159034	91.005425	0.22769	0.541872	0.369671	16.534599	38	144	0.626366
C6	P5	B1	MPIPi011-A	CTRL	31058	6.271809	16	6.271809	1.919248	1482	15	0.240935	14.872553	7.352778	0.024265	0.020589	16.538145	0.319225	0.36429	0.792105	0.123363	60.345082	25.007421	54	0.174475	5.22959	4.241484	565.388889	516.13785	12.148148	2.587396	41.59544	32.291541	98.303175	0.794337	1.225554	0.265038	9.134868	63	216	0.614355
D1	P5	B1	MPIPi011-A	CTRL	19311	3.899637	16	3.899637	2.904502	529	14	0.228946	23.096568	18.250489	0.016071	0.011904	15.211012	0.122086	0.16396	0.668745	0.233571	69.403734	29.635309	32	0.103393	1.33113	0.395848	446.3125	246.602257	12.59375	4.413026	31.489397	12.082798	73.957848	0.508799	0.27451	0.322053	9.651966	38	206	0.66301
D2	P5	B1	MPIPi011-A	CTRL	13915	2.809976	9	4.968228	2.262689	389	9	0.225096	16.584016	15.905504	0.019991	0.015557	19.327101	0.139652	0.15716	0.652803	0.178519	37.032264	36.711633	27	0.087237	1.993135	0.363697	348.518519	19.696486	11.37037	1.043225	30.807977	2.273698	67.624865	0.416067	0.246787	0.132482	2.022671	47	198	0.363413
D3	P5	B1	MPIPi011-A	CTRL	15453	3.120557	14	3.562428	2.946155	412	14	0.242592	24.584196	12.904989	0.016002	0.012044	16.389029	0.095084	0.081618	0.643619	0.119525	67.633111	29.358502	30	0.096931	1.087269	0.25811	385.7	247.680432	12.366667	3.011281	27.747332	15.682809	74.878664	0.57679	0.30137	0.357214	9.496123	45	204	0.659241
D4	P5	B1	MPIPi011-A	CTRL	19767	3.991721	15	4.254389	2.361669	443	13	0.246379	23.148888	17.547891	0.017538	0.013625	28.493708	0.110103	0.143883	0.537028	0.160904	51.020139	36.559675	36	0.116317	1.614447	0.551287	427.305556	252.778482	12.027778	3.931456	31.188515	14.455372	77.821622	0.446998	0.392157	0.243381	8.293619	51	224	0.561667
D5	P5	B1	MPIPi011-A	CTRL	18971	3.830977	10	6.109208	2.266979	584	9	0.167928	16.512191	14.172684	0.015331	0.011862	7.118778	0.209657	0.20458	0.527947	0.248697	40.869509	43.110746	51	0.164782	1.046441	0.332943	278.392157	16.105997	10.372549	1.057559	27.080534	2.873249	74.840546	0.256102	0.307692	0.169709	4.735433	36	192	0.33603
D6	P5	B1	MPIPi011-A	CTRL	1804	0.364297	6	0.970921	2.428029	109	6	0.156199	7.675933	2.988025	0.026685	0.022307	22.542184	0.058697	0.05028	0.598586	0.222621	43.178803	39.768842	2	0.006462	0.6018	0.004582	51.5	0.707107	6.0	0.0	8.583333	0.117851	5.709534			0.094893	0.093484	42	97	0.289379
A3	107-5321	B2	MPIPi011-A	PTBP2	7682	1.576765	4	6.305419	0.993764	439	3	0.405755	10.836123	7.531625	0.044952	0.043607	4.55149	0.480569	0.543951	0.821587	0.198779	21.44983	27.781244	0													0.0043	0.065107	37	981	0.056
A6	107-5321	B2	MPIPi011-A	CTRL	2365	0.485427	4	1.933498	1.15689	15	3	0.192501	5.755556	0.309719	0.039604	0.035757	33.362117	0.01642	0.014315	1.066642	0.016853	1.867272	2.382262	0													0.009391	0.009661	12	58	0.033098
B1	107-5321	B2	MPIPi011-A	CTRL	1596	0.327586	5	1.039737	1.065717	33	1	0.238218	7.878788		0.034979	0.0336	8.920633	0.108374		0.446264		3.403141	9.625537	0													0.002961	0.002737	72	156	0.01132
B2	107-5321	B2	MPIPi011-A	PCBP2	4241	0.870484	6	2.304324	1.721129	110	4	0.327334	16.939773	13.207067	0.027681	0.023992	9.249126	0.090312	0.135684	0.45577	0.318224	13.231208	27.266322	17	0.055829	0.869525	0.34472	97.941176	27.557827	7.058824	1.028992	14.176004	4.393425	39.259609	0.416306	0.476821	0.052622	0.126437	33	192	0.116545
B3	107-5321	B2	MPIPi011-A	PTBP2	5520	1.133005	4	4.510673	0.967041	225	3	0.289401	6.636128	1.231078	0.053407	0.052919	15.558486	0.246305	0.256977	0.993648	0.163889	7.852876	15.437482	0													0.003921	0.032786	81	868	0.021609
B5	107-5321	B2	MPIPi011-A	CPSF6	6183	1.269089	7	2.900305	1.21588	204	7	0.219719	6.92115	1.029778	0.038435	0.03687	31.635471	0.095707	0.182223	0.793177	0.268935	13.040903	14.95622	6	0.019704	0.935733	0.282494	68.0	12.505999	6.833333	0.408248	9.928571	1.561658	6.598738	1.043788	0.368098	0.015144	0.069841	114	902	0.089438
B6	107-5321	B2	MPIPi011-A	CTRL	3180	0.652709	3	3.469075	1.758721	86	3	0.249173	12.394359	8.794077	0.028364	0.023382	18.490429	0.094143	0.071374	0.666935	0.204376	20.968751	24.989995	0													0.032861	0.061002	34	114	0.158798
C2	107-5321	B2	MPIPi011-A	PCBP2	6345	1.30234	4	5.184729	1.415019	402	3	0.26162	10.532287	2.154009	0.03091	0.026824	9.895531	0.440066	0.615385	0.695292	0.073232	14.025447	26.463999	3	0.009852	1.432693	0.210384	96.0	4.358899	6.0	0.0	16.0	0.726483	4.539007	1.132614		0.015549	0.066201	49	334	0.040136
C3	107-5321	B2	MPIPi011-A	PTBP2	10203	2.094212	9	3.701514	2.571432	245	9	0.228912	18.979151	17.398681	0.017841	0.01267	25.2935	0.0894	0.094196	0.553054	0.258677	36.5039	39.354654	33	0.108374	0.930778	0.16088	245.484848	21.436128	10.212121	1.053493	24.290542	3.323637	79.398216	0.345231	0.178771	0.173528	1.964286	35	195	0.358042
C5	107-5321	B2	MPIPi011-A	CPSF6	6505	1.335181	6	3.558292	1.378724	205	5	0.249021	8.47936	3.520996	0.038302	0.035924	40.0052	0.134647	0.184713	0.867961	0.600451	16.589134	21.615424	9	0.029557	1.246409	0.287677	103.222222	16.626619	6.222222	0.440959	16.685185	3.122698	14.281322	0.55809	0.315353	0.022407	0.110071	39	382	0.117952
C6	107-5321	B2	MPIPi011-A	CTRL	7737	1.588054	5	5.079803	1.216509	437	4	0.276091	10.314722	0.892838	0.034476	0.031087	16.223157	0.358785	0.380843	0.890795	0.290121	27.110846	27.008371	1	0.003284	1.784		67.0		6.0		11.166667		0.865969			0.02049	0.127422	63	703	0.150401
D2	107-5321	B2	MPIPi011-A	PCBP2	14001	2.873768	9	5.091042	2.355147	383	9	0.337116	22.115172	11.863231	0.024687	0.020673	16.176108	0.139756	0.179374	0.694205	0.265902	38.271743	33.514629	25	0.082102	2.378909	0.835762	379.52	222.353907	9.6	2.362908	35.984251	18.77313	67.766588	0.506312	0.315335	0.198995	2.896935	43	251	0.393332
D3	107-5321	B2	MPIPi011-A	PTBP2	3145	0.645525	4	2.573071	1.073421	44	2	0.298178	6.371795	0.525797	0.054037	0.055549	28.682636	0.07225	0.078954	1.151496	0.284234	3.347568	6.696372	0													0.003565	0.011385	89	434	0.032169
D5	107-5321	B2	MPIPi011-A	CPSF6	3336	0.684729	5	2.189163	1.432196	129	2	0.252616	7.412791	1.948655	0.041029	0.038784	5.22207	0.211823	0.099854	0.807398	0.045932	15.600539	29.81579	0													0.001204	0.005692	43	193	0.01938
D6	107-5321	B2	MPIPi011-A	CTRL	13162	2.70156	10	4.320854	1.627694	334	6	0.333755	22.349757	12.645665	0.022152	0.017494	8.741765	0.182813	0.109072	0.504886	0.144668	31.212505	34.158325	39	0.128079	1.243175	0.318729	221.641026	12.772271	8.538462	1.047457	26.285668	3.068559	65.67391	0.285135	0.391837	0.134903	2.076464	50	193	0.363021
