well	plate	batch	line	genotype	clone	Number_of_Spikes	Mean_Firing_Rate_Hz_	ISI_Coefficient_of_Variation_Avg	Number_of_Active_Electrodes	Weighted_Mean_Firing_Rate_Hz_	Number_of_Bursts	Number_of_Bursting_Electrodes	Burst_Duration_Avg_sec_	Burst_Duration_Std_sec_	Number_of_Spikes_per_Burst_Avg	Number_of_Spikes_per_Burst_Std	Mean_ISI_within_Burst_Avg_sec_	Mean_ISI_within_Burst_Std_sec_	Median_ISI_within_Burst_Avg_sec_	Median_ISI_within_Burst_Std_sec_	Median_Mean_ISI_within_Burst_Avg	Median_Mean_ISI_within_Burst_Std	Inter_Burst_Interval_Avg_sec_	Inter_Burst_Interval_Std_sec_	Burst_Frequency_Avg_Hz_	Burst_Frequency_Std_Hz_	IBI_Coefficient_of_Variation_Avg	IBI_Coefficient_of_Variation_Std	Burst_Percentage_Avg	Burst_Percentage_Std	Number_of_Network_Bursts	Network_Burst_Frequency	Network_Burst_Duration_Avg_sec_	Network_Burst_Duration_Std_sec_	Number_of_Spikes_per_Network_Burst_Avg	Number_of_Spikes_per_Network_Burst_Std	Mean_ISI_within_Network_Burst_Avg_sec_	Mean_ISI_within_Network_Burst_Std_sec_	Median_ISI_within_Network_Burst_Avg_sec_	Median_ISI_within_Network_Burst_Std_sec_	Median_Mean_ISI_within_Network_Burst_Avg	Median_Mean_ISI_within_Network_Burst_Std	Number_of_Elecs_Participating_in_Burst_Avg	Number_of_Elecs_Participating_in_Burst_Std	Number_of_Spikes_per_Network_Burst_per_Channel_Avg	Number_of_Spikes_per_Network_Burst_per_Channel_Std	Network_Burst_Percentage	Network_IBI_Coefficient_of_Variation	Network_Normalized_Duration_IQR	Area_Under_Normalized_Cross_Correlation	Area_Under_Cross_Correlation	Full_Width_at_Half_Height_of_Normalized_Cross_Correlation	Full_Width_at_Half_Height_of_Cross_Correlation	Synchrony_Index	Kreuz_SPIKE_Distance	Start_Electrode	Percent_Bursts_with_Start_Electrode	Burst_Peak_Max_Spikes_per_sec_	Time_to_Burst_Peak_ms_	Resistance_Avg_kOhms_	Resistance_Std_kOhms_	Number_of_Covered_Electrodes	Weighted_Mean_Resistance_kOhms_
A1	P1	B4	PSYLMUi002-A	WT	WT	3654	0.76125	2.7481	11	1.094545	187	8	0.285098	0.166614	11.506337	6.580457	0.028665	0.006114	0.024639	0.00662	0.845699	0.101293	15.158064	6.701177	0.077917	0.03187	0.52929	0.101827	41.662383	39.31669	24	0.08	0.970763	0.163139	101.125	11.569497	0.009801	0.001896	0.005128	0.001147	0.525488	0.074288	11.416667	0.829702	8.910269	1.227591	66.420361	0.467613	0.239761	0.051502	0.179587	45	314	0.149543	0.587095	43	41.666667	416.666667	171.5	42.168977	7.515151	15	42.168977
A2	P1	B4	PSYLMUi002-A	GRIA1_3UTR_KO	KO_Cl13	6244	1.300833	3.574367	13	1.598462	181	11	0.350362	0.142227	25.797782	18.219032	0.021773	0.01213	0.018053	0.013022	0.768839	0.14579	22.650181	17.577365	0.054848	0.0241	0.500917	0.117469	55.703404	41.326101	19	0.063333	1.052509	0.274042	304.789474	29.789221	0.003435	0.000708	0.001293	0.000207	0.383556	0.055431	13.052632	0.705036	23.399267	2.452074	92.745035	0.28987	0.470143	0.253861	1.783849	35	202	0.386691	0.698942	34	36.842105	1210.526316	362.5	43.426081	8.265654	15	43.426081
A4	P1	B4	PSYLMUi002-A	WT	WT	2311	0.481458	2.152944	5	1.500667	70	2	0.372967	0.062615	26.64881	8.426356	0.016307	0.00223	0.01402	0.001965	0.851166	0.004342	9.040294	2.634321	0.116667	0.032998	0.556289	0.197054	15.515248	34.520419	21	0.07	0.676655	0.146578	70.238095	6.587145	0.009799	0.002027	0.005166	0.001251	0.537965	0.117415	7.190476	0.928388	9.928666	1.586809	63.825184	0.522276	0.287888	0.038034	0.091721	7	194	0.097665	0.324701	42	57.142857	380.952381	68.5	42.085925	7.401179	14	42.085925
A5	P1	B4	PSYLMUi002-A	GRIA1_3UTR_KO	KO_Cl13	3969	0.826875	2.454875	13	1.013846	193	12	0.248159	0.08299	11.551288	6.363379	0.028176	0.011061	0.023129	0.012341	0.789235	0.101632	27.572584	22.940036	0.053611	0.047662	0.535583	0.183977	44.845787	35.554376	16	0.053333	0.905465	0.189072	153.9375	11.595797	0.005944	0.001273	0.002218	0.000356	0.381729	0.061736	12.8125	0.655108	12.044471	1.114911	62.055933	0.333729	0.157951	0.163966	0.456107	8	125	0.268762	0.619492	13	37.5	625	63.5	43.558742	7.502842	15	43.558742
B1	P1	B4	PSYLMUi002-A	WT	WT	1767	0.368125	2.289749	6	0.956667	132	4	0.250154	0.04694	9.759155	2.653581	0.029611	0.007163	0.024906	0.008339	0.824469	0.073699	9.445814	1.693033	0.11	0.018257	0.464099	0.186058	25.661397	38.751334	26	0.086667	0.556674	0.073217	46.307692	4.145062	0.012345	0.001775	0.007303	0.001245	0.59548	0.086671	6.307692	0.549125	7.371795	0.729989	68.138087	0.511982	0.1606	0.055271	0.07443	20	167	0.094756	0.382378	22	96.153846	461.538462	94.5	36.919183	9.471655	14	38.455365
B2	P1	B4	PSYLMUi002-A	GRIA1_3UTR_KO	KO_Cl13	5684	1.184167	3.32861	12	1.575	215	10	0.297788	0.177174	18.411823	11.754775	0.020264	0.00666	0.015366	0.006724	0.746678	0.12538	33.401439	50.453815	0.071667	0.037425	0.450226	0.260631	48.475591	42.821741	22	0.073333	0.863109	0.115681	222.363636	13.844529	0.003903	0.000499	0.001738	0.000249	0.447841	0.056201	12	0.690066	18.578406	1.454648	86.066151	0.217128	0.161713	0.188662	1.18013	49	199	0.301205	0.670485	13	31.818182	818.181818	192.5	37.589472	7.909834	15	37.589472
B4	P1	B4	PSYLMUi002-A	WT	WT	2452	0.510833	3.191525	7	1.155714	85	6	0.259121	0.104624	14.119788	13.207013	0.031135	0.013106	0.027581	0.013842	0.838067	0.156034	27.311025	22.580447	0.047222	0.042133	0.818406	0.240123	28.55447	37.534861	19	0.063333	0.881276	0.266041	113.105263	23.633533	0.007936	0.001701	0.003821	0.000723	0.491154	0.083876	7.526316	0.964274	15.102444	3.305417	87.642741	0.437912	0.390292	0.037236	0.133659	40	346	0.149429	0.34899	43	42.105263	473.684211	120.5	42.458362	7.054997	15	42.458362
B5	P1	B4	PSYLMUi002-A	GRIA1_3UTR_KO	KO_Cl13	6929	1.443542	4.165104	11	2.095455	233	10	0.381243	0.159827	24.720841	18.690464	0.025108	0.009193	0.02083	0.009134	0.782237	0.05935	13.651178	3.672765	0.077667	0.02228	0.625401	0.188517	55.67464	43.006451	17	0.056667	1.195473	0.267339	345	27.262612	0.003458	0.000632	0.001461	0.000188	0.430686	0.068522	11.470588	0.71743	30.194906	3.036934	84.644249	0.265316	0.214888	0.194979	1.558306	24	329	0.273313	0.639223	22	47.058824	1058.823529	304.5	39.724035	7.015525	14	39.724035
C1	P1	B4	PSYLMUi002-A	WT	WT	7532	1.569167	3.801016	10	2.502	205	8	0.331107	0.19304	27.166431	23.445435	0.022114	0.011601	0.018451	0.012249	0.786864	0.104784	15.101596	10.594611	0.085417	0.057375	0.587081	0.174799	44.865084	44.903718	23	0.076667	0.789777	0.174448	263.478261	19.173537	0.003006	0.000605	0.00137	0.000109	0.470489	0.085345	10.26087	1.053884	25.926702	3.060853	80.456718	0.371382	0.286702	0.140735	1.671553	29	275	0.305135	0.499158	12	56.521739	913.043478	30.5	33.721001	8.868765	14	35.146481
C2	P1	B4	PSYLMUi002-A	GRIA1_3UTR_KO	KO_Cl13	3862	0.804583	3.328592	11	1.170303	154	9	0.261053	0.137629	18.92674	18.155208	0.02125	0.008247	0.015876	0.00806	0.715104	0.109045	41.033634	67.074307	0.057037	0.027409	0.397326	0.143004	64.159282	38.127031	21	0.07	0.758343	0.177583	174.857143	9.966372	0.00435	0.000905	0.001754	0.00021	0.414088	0.06837	9.666667	0.912871	18.208213	1.624988	95.080269	0.281479	0.236742	0.254428	0.788626	29	133	0.389096	0.400886	11	33.333333	1047.619048	26.5	33.799508	9.096848	14	35.059123
C4	P1	B4	PSYLMUi002-A	WT	WT	4245	0.884375	3.669707	10	1.407667	204	9	0.329123	0.158154	16.205061	10.578104	0.028986	0.015029	0.026354	0.015645	0.883144	0.064416	11.463117	7.421926	0.075556	0.056026	0.564345	0.10822	54.029048	44.401916	19	0.063333	0.945432	0.167128	183.842105	15.089596	0.005189	0.00095	0.002615	0.000259	0.513784	0.07171	10.052632	0.621261	18.326582	1.580702	82.285041	0.388265	0.315347	0.129423	0.510831	40	301	0.239872	0.493821	12	31.578947	736.842105	228.5	39.548735	9.146164	14	41.11484
C5	P1	B4	PSYLMUi002-A	GRIA1_3UTR_KO	KO_Cl13	6672	1.39	3.528331	9	2.469259	213	8	0.267684	0.132421	21.652349	24.197359	0.023146	0.009817	0.02012	0.009999	0.831202	0.124982	24.343136	23.558599	0.08875	0.076136	0.550688	0.258301	48.185438	41.983803	21	0.07	0.896381	0.164692	269.904762	20.515615	0.00334	0.000611	0.001728	0.000167	0.533145	0.105612	8.52381	0.813575	32.004422	4.387705	84.952038	0.427838	0.274662	0.131526	1.186726	25	295	0.213392	0.396762	32	38.095238	952.380952	245.5	30.922129	8.926246	14	32.034282
D1	P1	B4	PSYLMUi002-A	WT	WT	1555	0.323958	2.702047	6	0.853333	90	5	0.279409	0.143237	10.930141	6.628746	0.030255	0.004983	0.025039	0.005949	0.816758	0.06506	32.955661	29.251257	0.06	0.047842	0.735684	0.165395	28.999901	35.88539	15	0.05	0.760368	0.171881	56.2	9.689464	0.01397	0.003341	0.00996	0.001757	0.72395	0.085719	6.666667	0.816497	8.594709	2.058782	54.212219	0.510114	0.304055	0.041977	0.042644	39	192	0.097003	0.326522	12	26.666667	400	66.5	30.388094	8.071492	13	33.214405
D2	P1	B4	PSYLMUi002-A	GRIA1_3UTR_KO	KO_Cl13	8018	1.670417	3.412699	11	2.428788	193	8	0.307048	0.186262	27.976166	30.904939	0.01874	0.008976	0.014518	0.007722	0.76021	0.076799	27.364726	31.157276	0.080417	0.04822	0.657631	0.296742	46.287509	45.425813	22	0.073333	1.033847	0.175398	323.045455	22.368084	0.003208	0.000477	0.00186	0.000146	0.587955	0.068334	9.272727	0.935125	35.230292	4.651564	88.638064	0.394031	0.285685	0.075068	1.504235	30	379	0.227574	0.479749	24	45.454545	1045.454545	389.5	29.837421	7.335276	14	30.812649
D4	P1	B4	PSYLMUi002-A	WT	WT	3165	0.659375	2.021663	11	0.951515	154	6	0.235312	0.128134	11.891462	8.500312	0.026505	0.008165	0.022157	0.008499	0.810587	0.074951	20.740583	21.65337	0.085556	0.059129	0.539174	0.242001	29.785523	38.474985	26	0.086667	0.838991	0.122006	97.307692	10.216728	0.008755	0.001211	0.004088	0.000816	0.472107	0.0968	10.038462	1.21592	9.771825	1.101141	79.936809	0.261362	0.228254	0.083585	0.243105	26	189	0.214774	0.505567	34	61.538462	461.538462	322.5	32.492604	7.86123	14	33.539328
D5	P1	B4	PSYLMUi002-A	GRIA1_3UTR_KO	KO_Cl13	6942	1.44625	3.913065	8	2.876667	179	8	0.368548	0.195144	26.956584	24.308688	0.021635	0.00767	0.017122	0.006562	0.777649	0.07898	26.447966	25.918245	0.074583	0.074278	0.482003	0.191913	52.611518	43.831961	18	0.06	1.07448	0.11787	322.888889	11.432096	0.003345	0.000405	0.001547	0.000142	0.466367	0.048242	9.277778	0.95828	35.180956	4.065526	83.72227	0.255861	0.120175	0.094602	1.365391	40	405	0.300622	0.410068	14	55.555556	1055.555556	313.5	32.495138	7.409643	14	33.658941
A2	P2	B1	PSYLMUi002-A	GRIA1_3UTR_KO	KO_Cl13	5328	0.630682	2.523591	11	0.910124	358	10	0.207389	0.06441	8.103257	2.469502	0.032126	0.010624	0.027957	0.011594	0.861956	0.090804	37.26304	32.109487	0.067803	0.080674	0.7365	0.186384	38.183217	36.082048	29	0.054924	1.342601	0.654653	90.37931	63.289253	0.019451	0.009165	0.011338	0.006397	0.56794	0.130526	6.931034	2.491859	11.496456	4.835135	49.192943	0.678464	0.664566	0.025784	0.080634	63	614	0.067277	0.517828	12	55.172414	206.896552	295.5	46.366228	6.077155	15	46.366228
A3	P2	B1	PSYLMUi002-A	WT	WT	1409	0.166785	3.206031	7	0.364448	67	6	0.24091	0.13421	17.089457	8.191178	0.017286	0.011657	0.014939	0.008485	0.912733	0.135673	78.897771	46.516005	0.021149	0.024414	0.492854	0.300257	42.374881	46.479618	13	0.024621	0.986	0.354299	27.846154	11.509751	0.039618	0.01454	0.01768	0.006607	0.475537	0.200061	3.692308	0.85485	7.766667	3.437733	25.69198	0.570288	0.459276	0.002095	0.001973	54	155	0.015299	0.309585	14	53.846154	230.769231	252.5	42.953516	9.54827	14	42.953516
A5	P2	B1	PSYLMUi002-A	GRIA1_3UTR_KO	KO_Cl13	960	0.113636	2.488658	3	0.539141	28	3	0.255404	0.090745	8.144444	3.618829	0.039566	0.006686	0.036928	0.006465	0.934079	0.005901	80.559996	59.953306	0.017677	0.017901	0.682057	0.332032	9.335019	27.495115	5	0.00947	1.186592	0.35936	27	7.648529	0.048844	0.01686	0.025192	0.005186	0.572532	0.213502	5.4	0.894427	5.02	1.194571	14.0625	0.800135	0.509424	0.004393	0.001499	43	63	0.014921	0.369339	31	60	400	136.5	42.102257	6.167942	15	42.102257
A6	P2	B1	PSYLMUi002-A	WT	WT	274	0.032434	3.565228	2	0.200758	11	2	0.342991	0.170938	13.5	9.192388	0.029927	0.007952	0.027886	0.008236	0.931024	0.033638	68.107667	4.45581	0.010417	0.004018	0.587566	0.375556	19.84127	38.20256	3	0.005682	0.890107	0.300146	22.666667	1.154701	0.041625	0.015583	0.02288	0.003326	0.610485	0.246866	2.333333	0.57735	10	1.732051	24.817518	0.107847	NA	-0.001628	1.6e-05	15	2	0.0026	0.127331	42	100	333.333333	12.5	40.080598	6.309196	14	40.080598
B2	P2	B1	PSYLMUi002-A	GRIA1_3UTR_KO	KO_Cl13	2092	0.247633	2.502158	7	0.554383	118	7	0.195158	0.100066	7.424032	3.121883	0.030895	0.00983	0.027177	0.008586	0.874751	0.094265	48.391551	45.432787	0.031926	0.02516	0.739709	0.087318	25.486081	30.36869	17	0.032197	1.452014	0.747369	56.882353	21.067992	0.026658	0.008638	0.014122	0.003849	0.549753	0.10916	6.176471	1.333946	9.01543	2.318768	46.223709	0.580149	0.490652	0.00948	0.012011	56	288	0.040949	0.311153	21	29.411765	235.294118	98.5	37.705889	7.979759	15	37.705889
B5	P2	B1	PSYLMUi002-A	GRIA1_3UTR_KO	KO_Cl13	3331	0.394295	2.367163	10	0.625379	202	8	0.215965	0.078276	8.036019	2.46029	0.032795	0.008823	0.029832	0.009583	0.906572	0.119299	99.25545	118.834478	0.047822	0.059684	0.722614	0.180509	25.679935	33.639912	24	0.045455	1.336613	0.552313	64.375	36.954511	0.025313	0.010515	0.013747	0.008268	0.509748	0.133907	6.791667	2.340181	8.850463	2.885001	46.382468	0.876334	0.589499	0.019169	0.037626	26	292	0.044498	0.58607	31	41.666667	208.333333	151.5	39.337257	7.895551	14	39.337257
B6	P2	B1	PSYLMUi002-A	WT	WT	1775	0.210109	2.449126	7	0.45211	76	6	0.248832	0.077654	7.80139	2.454866	0.041307	0.015778	0.04006	0.017452	0.942026	0.091269	53.15004	39.529626	0.02399	0.016011	0.643938	0.212841	16.492763	25.984929	7	0.013258	1.201166	0.408106	27.142857	5.177791	0.04594	0.011988	0.022909	0.009051	0.506253	0.166129	4.285714	1.112697	6.488095	0.978317	10.704225	0.448128	0.557279	0.001976	0.001831	72	147	0.006015	0.509914	14	42.857143	428.571429	115.5	40.006449	8.302326	12	42.00251
C2	P2	B1	PSYLMUi002-A	GRIA1_3UTR_KO	KO_Cl13	2119	0.250829	3.263557	4	0.964489	136	4	0.206323	0.092441	9.26515	4.453507	0.027098	0.006555	0.022349	0.006052	0.841932	0.143292	76.191223	118.183242	0.064394	0.070831	0.907404	0.116796	23.614417	39.394889	29	0.054924	1.020919	0.477349	47.448276	23.566905	0.024997	0.010752	0.014379	0.005199	0.618608	0.167566	3.827586	1.909917	12.629721	3.529065	64.936291	0.505635	0.63227	0.009371	0.016209	80	347	0.059998	0.204386	24	65.517241	275.862069	3.5	35.988631	7.667241	14	37.424338
C3	P2	B1	PSYLMUi002-A	WT	WT	1029	0.121804	3.800368	4	0.454545	67	4	0.194307	0.079872	18.224008	19.87011	0.018255	0.011216	0.015015	0.009871	0.793744	0.099232	83.796377	111.045016	0.031723	0.026756	0.806387	0.214152	26.362948	38.044848	10	0.018939	1.113176	0.699825	36.3	23.228574	0.031978	0.012246	0.014492	0.005063	0.479395	0.141094	3.7	1.05935	10.078333	6.011204	35.276968	0.48997	0.70081	0.000365	0.001105	12	26	0.004292	0.30392	34	90	300	128.5	35.087518	7.359989	15	35.087518
C5	P2	B1	PSYLMUi002-A	GRIA1_3UTR_KO	KO_Cl13	747	0.088423	2.718467	3	0.431187	34	3	0.255729	0.119657	8.560309	3.242535	0.035232	0.011603	0.030963	0.013875	0.862495	0.095172	52.802415	25.689574	0.021465	0.010431	0.551344	0.179284	13.944915	23.824936	10	0.018939	0.866944	0.500386	27.1	5.801341	0.03319	0.016553	0.018636	0.004068	0.631921	0.191008	3.2	1.032796	9.263333	3.519863	36.278447	0.46352	0.701836	0.005501	0.001973	15	50	0.018936	0.255709	34	80	300	175.5	30.570644	9.258132	14	31.653366
C6	P2	B1	PSYLMUi002-A	WT	WT	3060	0.362216	2.243977	6	0.948232	168	4	0.220543	0.083972	9.403011	3.640502	0.028606	0.008613	0.025075	0.008026	0.87388	0.031321	19.234075	16.251027	0.079545	0.048582	0.811303	0.187325	17.874292	29.719874	31	0.058712	1.188003	0.528693	46.516129	23.119791	0.02804	0.010167	0.014262	0.005935	0.52839	0.159817	5.096774	1.135924	9.160177	4.125992	47.124183	0.668132	0.568333	0.027461	0.02369	3	3	0.039562	0.358967	22	38.709677	322.580645	1.5	33.267228	9.302867	14	34.66651
D2	P2	B1	PSYLMUi002-A	GRIA1_3UTR_KO	KO_Cl13	4974	0.588778	3.266205	7	1.324946	217	8	0.258885	0.153489	11.76874	7.505795	0.031219	0.012377	0.029196	0.014139	0.89997	0.112606	40.186033	36.532781	0.051373	0.075659	0.628604	0.267817	35.201988	39.249689	19	0.035985	1.598472	0.400181	167.578947	34.461437	0.010381	0.005611	0.004674	0.003261	0.443037	0.06726	6.736842	1.367971	25.093546	5.089532	64.012867	0.452316	0.449589	0.015682	0.115341	59	522	0.071068	0.37484	24	73.684211	368.421053	365.5	33.19343	9.307539	13	35.858694
D3	P2	B1	PSYLMUi002-A	WT	WT	1859	0.220052	3.244544	5	0.693182	98	4	0.268757	0.072326	11.351786	5.74217	0.030951	0.011833	0.027085	0.010389	0.87839	0.052183	22.528669	8.265121	0.046402	0.020073	0.94782	0.300124	22.860888	35.288006	17	0.032197	1.418301	0.548255	41	13.294736	0.036458	0.010839	0.019647	0.006317	0.567956	0.185614	3.647059	1.169464	12.393137	5.86733	37.493276	0.595425	0.393937	-0.000507	0.002004	32	112	0.008661	0.29926	34	29.411765	176.470588	74.5	33.912054	6.506442	15	33.912054
D5	P2	B1	PSYLMUi002-A	GRIA1_3UTR_KO	KO_Cl13	3656	0.432765	3.412569	7	0.988095	221	7	0.299321	0.116988	12.112024	7.444381	0.032334	0.008116	0.02914	0.009181	0.886697	0.067842	27.482224	25.234177	0.059794	0.04016	0.755042	0.164626	60.217726	32.911594	22	0.041667	1.30796	0.529742	95.818182	46.528677	0.017771	0.011463	0.010864	0.00836	0.573012	0.133249	5.909091	1.687745	15.353301	5.069121	57.658643	0.489535	0.390678	0.036214	0.076547	51	373	0.204228	0.164546	14	50	318.181818	332.5	32.209198	8.977009	14	33.334644
D6	P2	B1	PSYLMUi002-A	WT	WT	1481	0.175308	1.934324	7	0.373377	59	5	0.225025	0.107711	6.987374	2.369924	0.037534	0.015495	0.034225	0.017399	0.891448	0.096413	86.264607	60.898058	0.022348	0.022939	0.582571	0.126249	13.448045	21.063523	10	0.018939	1.45352	0.531483	34.4	5.337498	0.045016	0.019588	0.0199	0.009141	0.461037	0.121247	7.6	1.505545	4.671825	1.039617	23.227549	0.842453	0.588416	0.010545	0.00483	43	119	0.01964	0.439912	24	30	200	102.5	34.237851	8.118223	14	36.029251
A1	117-7923	B15	PSYLMUi002-A	WT	WT	36637	8.207213	6.166175	16	8.207213	488	16	0.506335	0.180583	72.946791	46.518149	0.011309	0.004444	0.007599	0.003688	0.631402	0.071586	9.893519	1.871134	0.109319	0.037954	0.484699	0.228268	93.987156	8.860343	26	0.09319	1.031625	0.108222	1338.653846	35.118021	0.000771	8e-05	0.000317	1.6e-05	0.415499	0.050269	16	0	83.665865	2.194876	94.999591	0.387244	0.187646	0.646985	48.70003	25	338	0.834106	0.79212	31	23.076923	4038.461538	364.5	45.498931	6.363173	14	45.498931
A2	117-7923	B15	PSYLMUi002-A	WT	WT	39679	8.888665	5.469465	16	8.888665	618	15	0.510321	0.188683	60.474902	37.084833	0.014393	0.008206	0.010209	0.007075	0.629561	0.067541	8.083367	5.395138	0.14767	0.051732	0.397213	0.152502	85.515138	27.487458	36	0.129032	1.008931	0.113143	1052.416667	26.412524	0.00096	0.000108	0.000398	1.3e-05	0.419283	0.047401	15.611111	0.54917	67.507407	3.184836	95.483757	0.237599	0.181521	0.546137	42.920131	33	334	0.738863	0.805068	44	33.333333	3055.555556	323.5	46.315935	8.794505	15	46.315935
A3	117-7923	B15	PSYLMUi002-A	GRIA1_3UTR_KO	KO_Cl13	41259	9.242608	5.74737	16	9.242608	507	16	0.459378	0.084213	77.42735	36.622213	0.01451	0.008608	0.012192	0.008401	0.724934	0.071405	9.390294	2.473836	0.113575	0.041215	0.433247	0.19957	93.428665	5.018153	23	0.082437	1.072877	0.060976	1628.782609	29.855647	0.00066	4.3e-05	0.00024	0	0.365421	0.024511	16	0	101.798913	1.865978	90.797159	0.220457	0.083933	0.666612	69.922491	29	327	0.900422	0.729805	23	34.782609	5565.217391	374.5	38.034125	11.136601	15	38.034125
A4	117-7923	B15	PSYLMUi002-A	GRIA1_3UTR_KO	KO_Cl13	43079	9.650314	4.897277	16	9.650314	830	16	0.452881	0.149339	55.117643	28.032683	0.01486	0.008978	0.011185	0.008347	0.665796	0.096257	9.068433	4.584974	0.185932	0.210903	0.410155	0.231514	89.340334	16.28501	25	0.089606	1.131994	0.043093	1378.2	32.394701	0.000822	3.3e-05	0.000298	3.7e-05	0.362032	0.04334	16	0	86.1375	2.024669	79.980965	0.210739	0.035101	0.554486	51.268787	32	301	0.822846	0.705576	33	48	5040	397.5	36.157859	9.81474	15	36.157859
A5	117-7923	B15	PSYLMUi002-A	GRIA1_3UTR_KO	KO_Cl19	42001	9.408826	3.621372	16	9.408826	880	15	0.368663	0.148771	37.962654	21.788072	0.01633	0.006494	0.012247	0.006607	0.667153	0.09174	6.727039	5.230092	0.210275	0.158279	0.471571	0.198523	82.155828	26.419699	42	0.150538	1.010602	0.122634	828.261905	82.780656	0.001221	7.6e-05	0.000424	4.4e-05	0.346983	0.027216	15.904762	0.297102	52.09881	5.316644	82.824218	0.287693	0.039484	0.47065	36.226673	38	274	0.748015	0.739817	44	57.142857	3476.190476	370.5	36.24517	9.109442	15	36.24517
A6	117-7923	B15	PSYLMUi002-A	GRIA1_3UTR_KO	KO_Cl19	40366	9.042563	4.206287	16	9.042563	537	16	0.512955	0.107889	65.525877	23.11923	0.012738	0.005318	0.008916	0.005274	0.612411	0.083608	8.862844	2.105891	0.120296	0.052481	0.384873	0.191003	87.32389	5.820355	26	0.09319	1.137052	0.049542	1340.115385	32.553128	0.000849	3.9e-05	0.000292	3.9e-05	0.344068	0.043016	16	0	83.757212	2.034571	86.317693	0.242495	0.043675	0.614591	52.807139	35	301	0.871351	0.715403	32	19.230769	5192.307692	422.5	37.48762	7.875867	15	37.48762
B1	117-7923	B15	PSYLMUi002-A	WT	WT	30253	6.777106	6.713844	12	9.030466	343	12	0.5545	0.154008	83.914836	33.077244	0.013019	0.007656	0.009962	0.007272	0.678412	0.076877	10.727291	3.091902	0.102449	0.042367	0.415972	0.146442	80.632504	34.607896	21	0.075269	1.113272	0.100124	1331.666667	30.509561	0.000838	8.4e-05	0.00032	0	0.385949	0.041535	12.857143	0.573212	103.806559	5.933355	92.437114	0.280692	0.120977	0.486061	34.690681	30	347	0.700312	0.548505	13	38.095238	4142.857143	364.5	40.113068	11.666542	12	42.107866
B2	117-7923	B15	PSYLMUi002-A	WT	WT	48327	10.825941	6.942295	16	10.825941	574	16	0.515342	0.093034	84.603477	35.442409	0.011443	0.006816	0.008655	0.006491	0.666161	0.090047	8.75381	2.509372	0.128584	0.061371	0.44785	0.18599	95.341301	5.314631	26	0.09319	1.088329	0.090686	1723.730769	43.219031	0.000632	5.3e-05	0.00024	0	0.382661	0.036017	16	0	107.733173	2.701189	92.736979	0.289116	0.08888	0.69089	82.997879	30	349	0.914213	0.768162	14	23.076923	5884.615385	365.5	42.336859	8.137611	15	42.336859
B3	117-7923	B15	PSYLMUi002-A	GRIA1_3UTR_KO	KO_Cl13	40457	9.062948	4.930734	15	9.665233	713	15	0.439553	0.096747	52.825038	23.383991	0.012326	0.004727	0.008086	0.00445	0.596661	0.069548	6.555264	1.714861	0.17037	0.095273	0.396332	0.127421	86.979485	23.88375	36	0.129032	0.9737	0.072867	1002.527778	35.609378	0.000973	7.3e-05	0.000322	1.3e-05	0.333486	0.034276	15.222222	0.421637	65.893634	2.604103	89.208295	0.317096	0.070462	0.558875	47.556004	36	286	0.789738	0.730555	23	44.444444	4194.444444	374.5	34.814662	8.857545	15	34.814662
B4	117-7923	B15	PSYLMUi002-A	GRIA1_3UTR_KO	KO_Cl13	36106	8.088262	5.706469	16	8.088262	522	16	0.463033	0.127098	71.69529	34.10768	0.011851	0.006892	0.008502	0.006305	0.665601	0.111858	11.08197	4.202563	0.116935	0.078623	0.423657	0.24598	92.82174	5.337683	20	0.071685	1.153288	0.040764	1591.95	33.377388	0.000725	3e-05	0.00024	0	0.331496	0.014404	16	0	99.496875	2.086087	88.18202	0.263776	0.025897	0.608439	55.023297	35	376	0.877315	0.730811	12	25	5150	450.5	34.030637	11.876038	14	34.030637
B5	117-7923	B15	PSYLMUi002-A	GRIA1_3UTR_KO	KO_Cl19	42960	9.623656	4.734671	16	9.623656	807	16	0.419595	0.106153	61.848111	29.939022	0.017401	0.009904	0.014309	0.009557	0.728378	0.102703	10.301186	6.57016	0.18078	0.178709	0.642472	0.297717	88.803568	6.792769	15	0.053763	1.28416	0.032577	2129.666667	46.943228	0.000603	1.6e-05	0.000235	2.1e-05	0.388962	0.034222	16	0	133.104167	2.933952	74.35987	0.273197	0.031299	0.539774	64.529241	30	362	0.8627	0.679014	21	20	6266.666667	472.5	38.912005	7.148658	15	38.912005
B6	117-7923	B15	PSYLMUi002-A	GRIA1_3UTR_KO	KO_Cl19	40110	8.985215	5.073128	16	8.985215	700	16	0.468114	0.081176	64.461765	34.698507	0.015461	0.008163	0.012029	0.008035	0.688544	0.11052	12.520334	5.886401	0.15681	0.186166	0.514087	0.288319	92.126175	4.654227	17	0.060932	1.338612	0.029836	1866.470588	28.727421	0.000718	2.2e-05	0.00024	0	0.334647	0.010139	16	0	116.654412	1.795464	79.107455	0.266563	0.007496	0.487199	53.055795	39	419	0.842825	0.696503	31	47.058824	5588.235294	456.5	39.93183	6.177592	15	39.93183
C1	117-7923	B15	PSYLMUi002-A	WT	WT	22869	5.122984	3.947909	15	5.459259	449	13	0.466775	0.086043	42.029989	15.02879	0.017773	0.004628	0.013503	0.004834	0.683977	0.077118	8.430336	1.938925	0.123794	0.033032	0.655562	0.129743	68.668745	35.279387	22	0.078853	1.260956	0.142853	842.590909	59.182252	0.001496	0.000102	0.000513	5.3e-05	0.343111	0.032334	15.409091	0.666125	54.733793	3.855062	81.057327	0.285825	0.115784	0.42855	16.182736	40	257	0.657431	0.714881	41	27.272727	3090.909091	396.5	26.147994	6.945345	13	27.712911
C2	117-7923	B15	PSYLMUi002-A	WT	WT	32639	7.311604	4.645776	15	7.798566	402	15	0.575139	0.199984	71.751089	42.516147	0.013186	0.005945	0.009128	0.00564	0.628228	0.061464	10.69314	1.557002	0.096057	0.020465	0.324828	0.116316	84.807456	22.957945	24	0.086022	1.172877	0.074548	1232.375	33.700487	0.000953	6.3e-05	0.000372	3.8e-05	0.391339	0.045343	15.083333	0.28233	81.730729	2.682207	90.618585	0.232065	0.08459	0.551799	34.689247	31	341	0.744431	0.706753	24	25	4000	379.5	30.534876	7.370396	15	30.534876
C3	117-7923	B15	PSYLMUi002-A	GRIA1_3UTR_KO	KO_Cl13	53246	11.927867	6.41146	16	11.927867	694	16	0.556579	0.118911	73.451402	38.167708	0.013402	0.00536	0.009514	0.005182	0.635709	0.08395	7.538468	2.074776	0.155466	0.09588	0.383896	0.195632	95.697144	2.444206	31	0.111111	1.155788	0.06214	1579.806452	37.068782	0.000732	4.2e-05	0.00031	2.7e-05	0.423335	0.035929	16	0	98.737903	2.316799	91.976862	0.193757	0.068613	0.587516	72.241756	36	387	0.860408	0.787687	12	29.032258	4580.645161	358.5	30.932894	6.927493	15	30.932894
C4	117-7923	B15	PSYLMUi002-A	GRIA1_3UTR_KO	KO_Cl13	38405	8.603271	4.57319	16	8.603271	666	16	0.467581	0.169859	53.649383	22.612908	0.018874	0.01006	0.015131	0.010603	0.683559	0.128795	9.942562	5.465534	0.149194	0.101579	0.551045	0.310083	88.603618	6.294191	18	0.064516	1.269951	0.051903	1694.111111	38.335806	0.00075	3.2e-05	0.000253	3.1e-05	0.337667	0.037756	16	0	105.881944	2.395988	79.40112	0.225381	0.047566	0.554061	47.837903	36	336	0.834615	0.681115	11	16.666667	5277.777778	412.5	27.628536	6.830734	15	27.628536
C5	117-7923	B15	PSYLMUi002-A	GRIA1_3UTR_KO	KO_Cl19	44332	9.931004	4.756806	16	9.931004	859	16	0.415936	0.11598	45.183146	17.296379	0.016005	0.006104	0.01217	0.006354	0.652043	0.071444	6.034497	1.848778	0.192428	0.10016	0.465633	0.196493	91.79194	5.638383	34	0.121864	1.046901	0.031649	1089.617647	18.714789	0.000962	2.6e-05	0.000321	7e-06	0.334196	0.011567	16	0	68.101103	1.169674	83.567175	0.225429	0.038122	0.526296	52.297521	42	277	0.846328	0.74294	13	47.058824	4500	395.5	30.146498	9.246401	15	30.146498
C6	117-7923	B15	PSYLMUi002-A	GRIA1_3UTR_KO	KO_Cl19	13541	3.033378	3.456131	16	3.033378	427	16	0.290679	0.145404	24.408335	15.864971	0.015356	0.004773	0.010567	0.00468	0.665195	0.108404	10.004143	2.813202	0.095654	0.031756	0.332412	0.165256	79.162431	22.72412	28	0.100358	0.928369	0.110653	427.214286	17.346912	0.002179	0.000249	0.000591	4.5e-05	0.274919	0.038056	15.857143	0.356348	26.952381	1.19597	88.339118	0.198894	0.154298	0.525832	9.271625	33	168	0.722066	0.797704	24	32.142857	2250	388.5	25.850537	6.791048	14	26.446644
D1	117-7923	B15	PSYLMUi002-A	WT	WT	47574	10.657258	5.59444	16	10.657258	504	16	0.599079	0.260957	96.364188	60.256537	0.014471	0.007749	0.010902	0.006787	0.678382	0.085494	10.962669	3.854658	0.112903	0.08495	0.471142	0.230353	90.734185	6.850304	20	0.071685	1.377504	0.049849	2148.55	70.221061	0.000642	2.3e-05	0.000272	4e-05	0.423755	0.060116	16	0	134.284375	4.388816	90.324547	0.248489	0.014524	0.546121	64.997521	32	486	0.803052	0.716844	14	40	5250	380.5	21.060502	6.040498	10	23.974569
D2	117-7923	B15	PSYLMUi002-A	WT	WT	28118	6.298835	4.326589	16	6.298835	603	16	0.355006	0.160156	39.65082	27.334986	0.016266	0.006038	0.011813	0.005626	0.665422	0.093439	10.997156	10.586695	0.135081	0.080484	0.433654	0.200256	86.467507	19.147656	27	0.096774	1.013781	0.110024	875.888889	25.990136	0.001159	0.000121	0.000391	2.6e-05	0.340081	0.030301	15.888889	0.320256	55.154784	2.184861	84.106266	0.2607	0.076817	0.516321	27.645281	34	271	0.764045	0.756646	14	18.518519	3444.444444	366.5	26.148941	8.096529	13	27.641803
D3	117-7923	B15	PSYLMUi002-A	GRIA1_3UTR_KO	KO_Cl13	50330	11.274642	4.77217	16	11.274642	900	16	0.425647	0.086236	48.876324	24.289091	0.016293	0.005864	0.012034	0.006024	0.665084	0.086692	5.983046	2.367138	0.201613	0.10203	0.462718	0.208534	92.389542	3.977443	33	0.11828	1.069864	0.05205	1317.636364	39.742781	0.000813	4.2e-05	0.00032	0	0.394669	0.02176	16	0	82.352273	2.483924	86.393801	0.237311	0.037066	0.541727	60.794982	37	370	0.836911	0.734119	13	18.181818	4515.151515	398.5	28.353795	8.543906	15	28.353795
D4	117-7923	B15	PSYLMUi002-A	GRIA1_3UTR_KO	KO_Cl13	29787	6.672715	4.524416	16	6.672715	749	16	0.317449	0.122372	33.71175	22.784142	0.016068	0.00554	0.011252	0.005718	0.645483	0.102893	7.661475	2.744528	0.167787	0.12739	0.402272	0.189312	92.572202	4.831361	30	0.107527	0.991901	0.087345	853.966667	21.901792	0.001164	0.000107	0.000408	2.4e-05	0.353555	0.038943	16	0	53.372917	1.368862	86.007319	0.248214	0.080492	0.501891	28.239486	42	281	0.791743	0.790777	12	33.333333	3933.333333	406.5	19.570416	3.067202	10	21.016395
D5	117-7923	B15	PSYLMUi002-A	GRIA1_3UTR_KO	KO_Cl19	21401	4.794131	3.256347	16	4.794131	630	15	0.279447	0.155416	23.392253	17.296134	0.017478	0.005535	0.013116	0.006008	0.696877	0.103594	11.473971	11.361635	0.150538	0.136201	0.416146	0.205454	75.679759	30.036905	31	0.111111	1.064423	0.066797	531.064516	20.689668	0.00201	0.000128	0.000693	6.8e-05	0.345231	0.030797	15.516129	0.625618	34.284063	1.982603	76.926312	0.239092	0.074264	0.346855	11.460573	39	220	0.638464	0.775237	24	64.516129	2290.322581	464.5	18.701963	5.866374	7	22.554438
D6	117-7923	B15	PSYLMUi002-A	GRIA1_3UTR_KO	KO_Cl19	18057	4.045027	3.099165	16	4.045027	725	15	0.223259	0.115631	17.860279	13.8446	0.020056	0.006272	0.015274	0.007111	0.701134	0.096764	14.699882	23.384564	0.173238	0.130163	0.428481	0.127677	74.592672	30.33224	37	0.132616	0.900484	0.099764	400.783784	18.280431	0.002254	0.000241	0.000681	5.8e-05	0.304795	0.035485	15.432432	0.647239	26.016147	1.662547	82.123276	0.291892	0.168587	0.387201	9.787903	38	171	0.641341	0.791474	42	32.432432	1810.810811	402.5	17.311721	4.741088	5	22.875831
A1	121-2752	B15	PSYLMUi002-A	WT	WT	26629	5.965278	4.078505	14	6.810804	409	13	0.455462	0.175075	57.926021	42.940916	0.017017	0.007559	0.013318	0.007497	0.69183	0.084642	10.124704	4.031783	0.112765	0.047923	0.55717	0.185271	69.633131	35.794999	19	0.0681	1.253777	0.069816	1162.684211	37.091557	0.00108	6.5e-05	4e-04	0	0.37178	0.025109	14.842105	0.60214	78.430576	3.39511	82.958429	0.266345	0.039315	0.441319	23.464427	31	373	0.627875	0.682199	43	36.842105	4000	398.5	39.082898	8.886053	15	39.082898
A2	121-2752	B15	PSYLMUi002-A	WT	WT	39924	8.943548	4.242689	16	8.943548	599	16	0.550143	0.283849	57.644579	35.144771	0.020151	0.006052	0.015369	0.007265	0.661248	0.127544	9.488849	3.925823	0.134185	0.073722	0.514166	0.199073	85.279397	13.123657	20	0.071685	1.319932	0.034515	1588.1	39.569925	0.000832	1.8e-05	0.000312	2.5e-05	0.375281	0.031118	16	0	99.25625	2.47312	79.556157	0.178193	0.022644	0.524587	43.840293	22	412	0.791624	0.694516	32	30	5000	390.5	27.312567	7.137673	13	28.871192
A3	121-2752	B15	PSYLMUi002-A	GRIA1_3UTR_KO	KO_Cl13	38626	8.652778	4.931873	16	8.652778	549	16	0.494696	0.065832	77.534352	26.771141	0.016232	0.007108	0.013599	0.006834	0.720663	0.088739	12.082026	4.736173	0.122984	0.128691	0.549416	0.233512	87.995277	7.631867	15	0.053763	1.270331	0.039667	2078.333333	50.423445	0.000612	2.4e-05	0.000235	2.1e-05	0.383616	0.033058	16	0	129.895833	3.151465	80.709885	0.199487	0.039106	0.551912	61.212873	21	454	0.903841	0.704893	42	46.666667	5933.333333	464.5	29.470676	6.9137	15	29.470676
A4	121-2752	B15	PSYLMUi002-A	GRIA1_3UTR_KO	KO_Cl13	33860	7.585125	5.84463	16	7.585125	526	16	0.459297	0.078084	69.019314	32.275008	0.015016	0.009216	0.012339	0.009018	0.711251	0.0758	11.473017	4.858573	0.117832	0.094512	0.501489	0.279962	92.572952	6.692039	17	0.060932	1.194998	0.044222	1688.470588	36.785047	0.000708	3.1e-05	0.00024	0	0.339365	0.01523	16	0	105.529412	2.299065	84.772593	0.255421	0.050023	0.610332	52.072461	31	371	0.900531	0.720956	34	35.294118	6117.647059	428.5	25.219494	10.721624	10	30.543943
A5	121-2752	B15	PSYLMUi002-A	GRIA1_3UTR_KO	KO_Cl19	34421	7.710797	4.358638	16	7.710797	464	15	0.473707	0.083944	66.193395	23.674629	0.013605	0.006872	0.010527	0.006573	0.679866	0.067227	10.626956	3.365849	0.110872	0.0556	0.455482	0.214863	84.246649	22.992582	21	0.075269	1.143448	0.049115	1398.904762	31.657392	0.000818	3.7e-05	0.000259	3.5e-05	0.316706	0.040483	15.809524	0.402374	88.559524	3.592412	85.346155	0.288599	0.034654	0.543627	45.499223	33	330	0.830415	0.702466	22	19.047619	5047.619048	398.5	29.956171	9.054206	15	29.956171
A6	121-2752	B15	PSYLMUi002-A	GRIA1_3UTR_KO	KO_Cl19	45811	10.262321	4.834786	15	10.945759	887	15	0.453664	0.153002	57.377992	29.309108	0.016304	0.008339	0.012796	0.008287	0.687324	0.093543	7.768316	3.74999	0.211947	0.222535	0.467645	0.252724	85.643477	23.303619	25	0.089606	1.177581	0.030576	1492.76	27.238576	0.00079	2.5e-05	0.000317	1.6e-05	0.401618	0.024528	15.08	0.276887	99.023833	2.650679	81.462967	0.218496	0.033935	0.516295	53.47963	32	334	0.747154	0.679598	13	28	4800	402.5	28.10659	9.847249	12	31.409236
B1	121-2752	B15	PSYLMUi002-A	WT	WT	43279	9.695116	6.600746	16	9.695116	497	16	0.509413	0.081461	86.056935	29.893651	0.011037	0.006195	0.008459	0.006062	0.688237	0.071868	9.538307	2.544961	0.111335	0.037852	0.474873	0.108901	95.938758	2.650314	23	0.082437	1.074397	0.087239	1752.304348	38.653983	0.000614	5.4e-05	0.00024	0	0.394013	0.037258	16	0	109.519022	2.415874	93.123686	0.369022	0.081734	0.674893	75.399194	28	340	0.924505	0.752159	34	21.73913	5260.869565	382.5	30.360006	9.107792	14	31.421013
B2	121-2752	B15	PSYLMUi002-A	WT	WT	35486	7.949373	5.617209	16	7.949373	613	16	0.40021	0.119356	52.805948	27.452617	0.014084	0.006614	0.010691	0.006743	0.685109	0.122038	9.53659	5.168668	0.137321	0.091612	0.499711	0.216071	91.517938	13.231358	25	0.089606	1.069536	0.115747	1264.32	35.296034	0.000846	8.7e-05	0.000317	1.6e-05	0.378377	0.046401	16	0	79.02	2.206002	89.071747	0.312615	0.09813	0.570905	43.994892	29	304	0.817046	0.775607	21	20	4200	392.5	29.110425	6.808116	15	29.110425
B3	121-2752	B15	PSYLMUi002-A	GRIA1_3UTR_KO	KO_Cl13	24770	5.548835	4.816213	16	5.548835	359	16	0.425408	0.102424	72.651629	31.459443	0.013802	0.010047	0.010759	0.009989	0.701955	0.112726	18.090186	8.162466	0.080421	0.071277	0.550435	0.18626	88.193716	7.102266	11	0.039427	1.206524	0.042222	1821.818182	43.148159	0.000663	3.2e-05	0.000233	2.4e-05	0.352154	0.043286	16	0	113.863636	2.69676	80.90432	0.393219	0.049937	0.574792	39.748566	37	352	0.893495	0.689412	11	27.272727	5909.090909	450.5	24.575567	5.687186	14	25.049423
B4	121-2752	B15	PSYLMUi002-A	GRIA1_3UTR_KO	KO_Cl13	34966	7.832885	4.978263	16	7.832885	513	16	0.457855	0.088502	81.109526	39.409449	0.014084	0.010785	0.011621	0.010024	0.730269	0.075683	14.49713	7.548752	0.114919	0.098058	0.535367	0.273528	90.49317	6.074472	14	0.050179	1.227234	0.032234	2039	63.296616	0.000603	2.3e-05	0.000177	3.4e-05	0.293532	0.05181	16	0	127.4375	3.956038	81.639307	0.318259	0.024396	0.624336	60.695998	34	368	0.912657	0.702404	12	50	6571.428571	452.5	23.274218	9.144719	11	26.079827
B5	121-2752	B15	PSYLMUi002-A	GRIA1_3UTR_KO	KO_Cl19	25117	5.626568	5.086966	16	5.626568	410	16	0.421717	0.076159	56.703053	26.323299	0.012588	0.006339	0.009042	0.006097	0.638695	0.067883	12.027423	3.235988	0.091846	0.04465	0.433416	0.179615	91.925724	5.673436	19	0.0681	1.104855	0.080312	1162.947368	27.43168	0.000951	6.7e-05	0.000312	2.5e-05	0.328337	0.02738	16	0	72.684211	1.71448	87.97229	0.321128	0.097872	0.607417	32.831541	33	335	0.874278	0.754721	21	31.578947	4789.473684	434.5	25.332209	9.951684	11	29.171956
B6	121-2752	B15	PSYLMUi002-A	GRIA1_3UTR_KO	KO_Cl19	34045	7.626568	5.50776	16	7.626568	550	16	0.420989	0.126316	63.747651	33.773942	0.014346	0.010161	0.011477	0.009645	0.70441	0.075217	12.022881	5.288355	0.123208	0.111714	0.464231	0.261932	91.797219	7.829813	19	0.0681	1.160888	0.054227	1515.368421	26.415926	0.000767	3.9e-05	0.000244	1.8e-05	0.318771	0.021276	16	0	94.710526	1.650995	84.570422	0.278742	0.06021	0.52659	46.721416	41	392	0.839322	0.734691	14	47.368421	5210.526316	420.5	23.308585	7.904521	11	26.024205
C1	121-2752	B15	PSYLMUi002-A	WT	WT	40171	8.99888	5.989848	16	8.99888	509	16	0.52781	0.141942	72.223431	35.035101	0.013173	0.004757	0.00979	0.004576	0.660248	0.062622	9.424235	2.308373	0.114023	0.034903	0.473293	0.154688	94.487695	3.947715	24	0.086022	1.136913	0.069093	1523.166667	35.037454	0.000747	4.8e-05	0.000252	2.8e-05	0.337909	0.040271	16	0	95.197917	2.189841	91.000971	0.307712	0.060457	0.589238	56.821595	30	349	0.875671	0.758662	22	41.666667	4833.333333	380.5	28.345072	5.619982	15	28.345072
C2	121-2752	B15	PSYLMUi002-A	WT	WT	61418	13.758513	5.59737	16	13.758513	610	16	0.610316	0.134246	104.711041	46.407996	0.012343	0.005336	0.009246	0.004772	0.685743	0.081933	9.484938	3.294526	0.136649	0.109288	0.454036	0.177077	92.129285	6.742607	23	0.082437	1.260835	0.053986	2405.173913	65.027723	0.000525	2.7e-05	0.00024	0	0.458533	0.025375	16	0	150.32337	4.064233	90.069686	0.293681	0.039412	0.634491	103.080287	19	425	0.881402	0.714433	24	30.434783	5826.086957	348.5	25.625258	5.7557	13	27.096165
C3	121-2752	B15	PSYLMUi002-A	GRIA1_3UTR_KO	KO_Cl13	48121	10.779794	5.760927	16	10.779794	679	16	0.437495	0.102859	74.280301	24.479511	0.013769	0.007763	0.011317	0.007395	0.719609	0.092118	8.482076	3.883133	0.152106	0.09692	0.516035	0.263115	92.961319	4.554896	21	0.075269	1.178324	0.04019	1965.47619	44.915052	6e-04	2.1e-05	0.000221	3.5e-05	0.368183	0.056821	16	0	122.842262	2.807191	85.773363	0.227483	0.042175	0.632668	85.844205	33	361	0.918366	0.710152	22	33.333333	6142.857143	406.5	32.256471	8.062431	15	32.256471
C4	121-2752	B15	PSYLMUi002-A	GRIA1_3UTR_KO	KO_Cl13	25121	5.627464	4.465485	16	5.627464	470	16	0.421398	0.11271	54.289915	28.886375	0.020348	0.009754	0.017156	0.009707	0.727726	0.113998	14.282246	8.634669	0.105287	0.0743	0.671846	0.242297	84.623218	9.52113	11	0.039427	1.296545	0.038741	1689.272727	54.393181	0.000768	1.5e-05	0.00024	0	0.312543	0.005919	16	0	105.579545	3.399574	73.969985	0.342878	0.030774	0.506138	32.967742	45	400	0.856921	0.682391	21	18.181818	5272.727273	480.5	25.042202	6.221736	15	25.042202
C5	121-2752	B15	PSYLMUi002-A	GRIA1_3UTR_KO	KO_Cl19	34703	7.77397	4.311337	16	7.77397	643	16	0.408424	0.09553	53.78447	22.692153	0.020009	0.008918	0.016717	0.009362	0.737705	0.109666	11.184181	6.69963	0.144041	0.131082	0.646122	0.26537	85.927907	7.606834	13	0.046595	1.30224	0.057268	1982.615385	35.436653	0.000657	2.8e-05	0.00024	0	0.365763	0.015027	16	0	123.913462	2.214791	74.270236	0.247607	0.0232	0.499037	49.534468	39	462	0.860992	0.673844	24	38.461538	5153.846154	476.5	22.615595	6.629545	12	24.784996
C6	121-2752	B15	PSYLMUi002-A	GRIA1_3UTR_KO	KO_Cl19	43177	9.672267	4.655575	16	9.672267	777	16	0.420482	0.117792	58.5336	33.545431	0.016247	0.009249	0.012721	0.009454	0.680052	0.118887	10.313841	5.547525	0.174059	0.183998	0.487715	0.331205	89.560362	7.814047	18	0.064516	1.285231	0.06629	1827.333333	38.026307	0.000704	4.2e-05	0.000244	1.9e-05	0.347371	0.018849	16	0	114.208333	2.376644	76.179447	0.190971	0.031486	0.515422	55.053644	36	391	0.809123	0.673868	43	33.333333	4833.333333	470.5	19.610625	5.533712	8	23.685213
D1	121-2752	B15	PSYLMUi002-A	WT	WT	28755	6.441532	5.447577	13	7.927488	427	13	0.501301	0.137342	63.184671	32.822689	0.012927	0.005456	0.009197	0.005194	0.641646	0.083806	9.02922	2.108619	0.117728	0.039232	0.414543	0.10627	86.063993	25.235497	26	0.09319	1.076489	0.105813	1005.961538	28.936456	0.001071	0.000101	0.000394	2.2e-05	0.37036	0.035692	13	0	77.381657	2.225881	90.958094	0.311101	0.126975	0.502477	27.694922	30	309	0.722296	0.549099	34	26.923077	3653.846154	392.5	26.443104	9.401736	11	27.550634
D2	121-2752	B15	PSYLMUi002-A	WT	WT	50720	11.362007	5.943165	16	11.362007	588	16	0.532614	0.166573	84.214433	56.007501	0.013582	0.007262	0.010413	0.006584	0.691296	0.088887	8.581336	2.507364	0.13172	0.060367	0.445813	0.218183	92.179284	7.171693	26	0.09319	1.165	0.083044	1758.576923	30.080124	0.000663	5e-05	0.00024	0	0.364198	0.031896	16	0	109.911058	1.880008	90.147871	0.228066	0.059139	0.61292	71.214008	21	358	0.812739	0.730876	22	30.769231	4653.846154	346.5	32.109092	4.833884	15	32.109092
D3	121-2752	B15	PSYLMUi002-A	GRIA1_3UTR_KO	KO_Cl13	37839	8.476478	6.123691	16	8.476478	423	16	0.493131	0.089249	101.195368	39.121437	0.01012	0.007188	0.007967	0.006708	0.716551	0.091505	14.878133	4.447748	0.094758	0.114336	0.423912	0.215914	92.881045	6.425727	16	0.057348	1.153055	0.09492	2057.1875	50.124138	0.000561	4.4e-05	0.000165	2e-05	0.295215	0.03362	16	0	128.574219	3.132759	86.986971	0.290281	0.084197	0.655457	69.772312	26	343	0.896498	0.706976	32	62.5	5812.5	396.5	21.5885	6.926942	10	24.376124
D4	121-2752	B15	PSYLMUi002-A	GRIA1_3UTR_KO	KO_Cl13	31043	6.954077	5.267305	16	6.954077	423	16	0.461281	0.089295	74.552972	31.503435	0.015337	0.010105	0.01311	0.010289	0.730502	0.096648	13.589533	6.051653	0.094758	0.05831	0.509381	0.25374	90.163562	6.914404	14	0.050179	1.216383	0.038655	1868.285714	48.149492	0.000652	2e-05	0.000234	2.1e-05	0.359937	0.035254	16	0	116.767857	3.009343	84.25732	0.248907	0.032761	0.673178	51.121625	29	360	0.912961	0.692242	34	21.428571	6071.428571	426.5	18.153047	4.971426	7	22.404127
D5	121-2752	B15	PSYLMUi002-A	GRIA1_3UTR_KO	KO_Cl19	50940	11.41129	5.643351	16	11.41129	642	16	0.522326	0.086809	95.129566	34.790639	0.013408	0.008786	0.011191	0.008196	0.724704	0.063716	10.788315	4.655692	0.143817	0.150355	0.483346	0.244513	92.52024	4.778831	19	0.0681	1.199225	0.043057	2266	49.01587	0.00053	2.1e-05	0.000171	2.6e-05	0.321718	0.044146	16	0	141.625	3.063492	84.519042	0.250695	0.024799	0.577302	93.843817	33	412	0.930003	0.705422	43	36.842105	6157.894737	452.5	19.358666	6.39175	5	25.772122
D6	121-2752	B15	PSYLMUi002-A	GRIA1_3UTR_KO	KO_Cl19	40540	9.081541	6.205336	16	9.081541	525	16	0.544773	0.138921	83.464336	27.896876	0.014155	0.009794	0.011657	0.009374	0.698556	0.068274	12.26219	4.701503	0.117608	0.128894	0.534003	0.293717	92.408518	6.758398	17	0.060932	1.283275	0.021415	1976.058824	44.629685	0.00065	1.9e-05	0.00024	0	0.369478	0.010451	16	0	123.503676	2.789355	82.863838	0.2596	0.015684	0.54585	64.568996	44	399	0.913205	0.707478	43	58.823529	6000	421.5	18.495352	4.667777	7	22.52283
A1	137-2927	B16	PSYLMUi002-A	WT	WT	12640	2.821429	4.726723	15	3.007619	379	15	0.471054	0.194284	51.10905	41.437449	0.020955	0.015728	0.01735	0.016495	0.701526	0.151668	41.120567	26.120866	0.090238	0.127643	0.742105	0.095977	79.308948	24.518856	5	0.017857	1.504256	0.075902	1487.8	34.039683	0.001012	4.4e-05	0.00032	0	0.31679	0.014357	15.8	0.447214	94.21	2.832945	58.852848	0.60986	0.006681	0.430407	9.577619	38	370	0.742458	0.667081	11	40	4400	483.5	30.444296	9.201664	15	30.444296
A2	137-2927	B16	PSYLMUi002-A	WT	WT	26000	5.803571	5.058953	16	5.803571	439	16	0.496057	0.142023	63.162272	42.22169	0.020799	0.010286	0.017449	0.010789	0.743881	0.126712	19.892814	11.600738	0.097991	0.099197	0.611206	0.219257	89.864693	7.507868	9	0.032143	1.421102	0.031641	2135.555556	42.559109	0.000666	1.8e-05	0.00024	0	0.360632	0.010216	16	0	133.472222	2.659944	73.923077	0.293769	0	0.50382	32.715714	35	484	0.814267	0.671533	34	33.333333	6111.111111	442.5	27.790805	6.792993	14	28.559849
A3	137-2927	B16	PSYLMUi002-A	GRIA1_3UTR_KO	KO_Cl19	25799	5.758705	5.626649	15	6.140714	430	15	0.445791	0.116337	68.497592	35.231442	0.013007	0.009334	0.010244	0.009124	0.68852	0.086715	17.200974	6.660252	0.102381	0.173445	0.545133	0.209464	85.110698	24.167429	14	0.05	1.227749	0.060974	1429.357143	19.979247	0.000859	4e-05	0.000286	4.1e-05	0.332732	0.048064	15.571429	0.513553	91.880357	3.100882	77.565022	0.412332	0.073218	0.435414	30.401637	49	429	0.773488	0.722421	43	71.428571	4857.142857	446.5	32.352719	13.250944	14	33.441527
A4	137-2927	B16	PSYLMUi002-A	GRIA1_3UTR_KO	KO_Cl19	23303	5.201562	5.532109	14	5.943112	378	14	0.409386	0.141482	53.09172	31.619494	0.013442	0.005842	0.009694	0.005692	0.667389	0.100242	11.249312	2.709111	0.096429	0.038465	0.391948	0.144462	83.729561	32.872174	22	0.078571	1.049044	0.117623	980.409091	23.367986	0.001071	0.00012	4e-04	0	0.378411	0.04777	14.227273	0.528413	69.006683	3.131945	92.558898	0.311925	0.129443	0.490141	23.74878	32	343	0.656381	0.753838	34	50	3318.181818	404.5	31.661571	12.316391	14	32.995397
A5	137-2927	B16	PSYLMUi002-A	GRIA1_3UTR_KO	KO_Cl13	17661	3.942188	4.984146	16	3.942187	254	16	0.468999	0.143921	65.746237	35.435859	0.02227	0.012362	0.019296	0.013027	0.735558	0.110058	24.636808	18.110398	0.056696	0.032937	0.564695	0.1336	85.132309	12.806991	8	0.028571	1.35126	0.053426	1832.5	39.992857	0.000738	4.1e-05	0.00024	0	0.325916	0.018715	16	0	114.53125	2.499554	83.007757	0.337334	0.036704	0.526652	25.025089	44	450	0.85546	0.715693	12	25	6750	468.5	26.125994	2.721347	15	26.125994
A6	137-2927	B16	PSYLMUi002-A	GRIA1_3UTR_KO	KO_Cl13	24643	5.50067	5.671457	16	5.50067	276	16	0.541663	0.131032	88.861483	44.98462	0.016349	0.007273	0.013477	0.007018	0.718169	0.081778	19.569365	6.427198	0.061607	0.029552	0.585174	0.102138	90.691325	6.930874	10	0.035714	1.27528	0.120583	1993.3	33.273446	0.00064	6.2e-05	0.00024	0	0.378456	0.042366	16	0	124.58125	2.07959	80.887067	0.486629	0.053605	0.587614	40.192917	38	424	0.893168	0.721193	14	20	6100	460.5	26.181709	4.335081	14	26.862662
B1	137-2927	B16	PSYLMUi002-A	WT	WT	25469	5.685045	4.809216	16	5.685045	517	16	0.401635	0.153212	42.97829	28.718454	0.020304	0.009519	0.016321	0.009956	0.712399	0.115647	16.183227	8.323572	0.115402	0.15494	0.616915	0.244246	86.913164	7.492013	11	0.039286	1.445011	0.057949	1672	39.43856	0.000865	3.5e-05	0.000335	3.2e-05	0.387338	0.040341	16	0	104.5	2.46491	72.213279	0.348257	0.041444	0.385945	22.749048	42	420	0.719938	0.704352	13	27.272727	4181.818182	484.5	36.908955	10.178447	14	38.5734
B2	137-2927	B16	PSYLMUi002-A	WT	WT	25004	5.58125	5.586106	16	5.58125	429	16	0.41239	0.170324	51.087688	34.477203	0.014169	0.005597	0.00982	0.005416	0.655494	0.121837	13.624937	4.447742	0.095759	0.071443	0.406413	0.21176	93.398384	5.552195	18	0.064286	1.103258	0.094315	1221.722222	29.505345	0.000904	7.4e-05	0.000351	4e-05	0.390044	0.047274	16	0	76.357639	1.844084	87.949928	0.236588	0.080579	0.546805	26.111042	30	367	0.779231	0.79822	44	61.111111	4000	400.5	30.000088	8.290161	14	30.877609
B3	137-2927	B16	PSYLMUi002-A	GRIA1_3UTR_KO	KO_Cl19	15382	3.433482	3.984868	15	3.656905	311	15	0.335844	0.192404	37.287834	28.505657	0.018563	0.010699	0.014329	0.011417	0.669964	0.134145	20.634411	20.589328	0.074048	0.057134	0.479018	0.192756	71.651081	30.210619	16	0.057143	1.099805	0.107039	791.75	16.10176	0.001391	0.000136	4e-04	0	0.290249	0.029779	15.0625	0.680074	52.65067	2.280362	82.356001	0.321012	0.143169	0.493572	12.916488	33	318	0.622594	0.735226	13	31.25	3062.5	439.5	34.431471	10.539885	14	35.617153
B4	137-2927	B16	PSYLMUi002-A	GRIA1_3UTR_KO	KO_Cl19	19277	4.302902	4.548643	16	4.302902	338	16	0.356929	0.136722	43.661567	32.275313	0.015435	0.009411	0.012135	0.009892	0.702893	0.117246	15.118854	8.763776	0.075446	0.045734	0.473377	0.189737	81.945376	28.251299	18	0.064286	1.133138	0.076513	939.555556	20.534683	0.001207	7.6e-05	0.000396	1.9e-05	0.328593	0.022387	15.888889	0.323381	59.153009	1.649906	87.731493	0.385162	0.070283	0.448603	18.535774	37	316	0.729521	0.763456	24	61.111111	3666.666667	465.5	33.004866	8.295748	15	33.004866
B5	137-2927	B16	PSYLMUi002-A	GRIA1_3UTR_KO	KO_Cl13	19814	4.422768	6.880285	16	4.422768	225	16	0.493725	0.092532	82.310493	29.488317	0.009679	0.006123	0.007123	0.0058	0.660562	0.065591	20.58851	3.96486	0.050223	0.014608	0.390242	0.158627	95.407019	4.775991	12	0.042857	1.18514	0.091747	1535.333333	49.809333	0.000772	5.3e-05	0.00024	0	0.312204	0.023212	16	0	95.958333	3.113083	92.984758	0.287201	0.082615	0.654054	32.330565	29	309	0.914982	0.769542	34	50	5916.666667	426.5	26.891615	4.478475	15	26.891615
B6	137-2927	B16	PSYLMUi002-A	GRIA1_3UTR_KO	KO_Cl13	18186	4.059375	5.90432	16	4.059375	213	16	0.524485	0.1645	81.598211	49.094227	0.013926	0.009392	0.011203	0.009754	0.684039	0.095331	23.82218	6.751679	0.047545	0.018337	0.40467	0.220861	92.151997	6.717168	10	0.035714	1.246384	0.134196	1652.3	26.179084	0.000755	7.9e-05	0.000248	2.5e-05	0.33136	0.042212	16	0	103.26875	1.636193	90.855603	0.190902	0.100926	0.533967	25.997768	45	437	0.843218	0.740587	12	40	4600	420.5	28.691605	6.502854	15	28.691605
C1	137-2927	B16	PSYLMUi002-A	WT	WT	13693	3.056473	5.14732	16	3.056473	215	16	0.489266	0.148589	67.234541	38.737785	0.013284	0.007923	0.010312	0.007457	0.710766	0.134148	33.468222	13.000778	0.047991	0.05522	0.346256	0.294754	89.095669	8.920168	7	0.025	1.274754	0.124167	1546.714286	20.973907	0.000825	7.7e-05	0.000274	4.3e-05	0.335375	0.060438	16	0	96.669643	1.310869	79.069598	0.117457	0.136006	0.554206	16.151637	33	404	0.83567	0.706706	14	42.857143	5000	448.5	29.130948	6.147055	15	29.130948
C2	137-2927	B16	PSYLMUi002-A	WT	WT	35479	7.91942	7.464154	16	7.91942	420	16	0.496501	0.098479	87.566857	39.484683	0.011058	0.006785	0.008495	0.006068	0.705114	0.079368	11.975717	3.442787	0.09375	0.046957	0.454748	0.181858	95.006526	8.876184	19	0.067857	1.038981	0.113379	1754.578947	21.736594	0.000593	6.6e-05	0.00024	0	0.409656	0.044814	16	0	109.661184	1.358537	93.962626	0.296494	0.216684	0.654576	59.354554	30	388	0.89537	0.77937	44	36.842105	4421.052632	392.5	27.767507	5.977681	15	27.767507
C3	137-2927	B16	PSYLMUi002-A	GRIA1_3UTR_KO	KO_Cl19	25620	5.71875	5.751898	16	5.71875	457	16	0.33387	0.119582	53.656127	30.427144	0.014085	0.007506	0.011446	0.007523	0.737895	0.089277	14.522426	6.462013	0.102009	0.096969	0.513318	0.230737	88.84466	16.275296	16	0.057143	1.148445	0.079087	1377.0625	23.77525	0.000835	5.8e-05	0.00024	0	0.289004	0.022888	16	0	86.066406	1.485953	85.999219	0.353479	0.034155	0.557749	35.189286	32	364	0.802787	0.757436	42	43.75	4625	412.5	28.845648	9.797664	15	28.845648
C4	137-2927	B16	PSYLMUi002-A	GRIA1_3UTR_KO	KO_Cl19	29371	6.556027	5.987728	16	6.556027	408	16	0.428628	0.079852	74.017242	35.790678	0.014636	0.010062	0.012017	0.009618	0.72245	0.078525	15.075932	5.935076	0.091071	0.076931	0.604208	0.168937	92.107487	7.376477	13	0.046429	1.216018	0.038179	1839.153846	23.24452	0.000662	2.4e-05	0.00024	0	0.363166	0.013762	16	0	114.947115	1.452782	81.403425	0.471706	0.024676	0.542222	48.354792	39	381	0.865195	0.716005	14	46.153846	5846.153846	434.5	32.73657	8.903491	15	32.73657
C5	137-2927	B16	PSYLMUi002-A	GRIA1_3UTR_KO	KO_Cl13	17956	4.008036	5.855482	16	4.008036	240	16	0.461028	0.128472	75.351538	38.417249	0.012203	0.009071	0.009323	0.008673	0.681299	0.079272	21.403657	6.684513	0.053571	0.036701	0.450843	0.181406	91.277922	8.062783	11	0.039286	1.058895	0.133945	1447.454545	24.549394	0.000733	9.6e-05	0.00024	0	0.333021	0.045732	16	0	90.465909	1.534337	88.67231	0.326556	0.212798	0.621882	26.866845	39	366	0.873899	0.746282	13	36.363636	5090.909091	440.5	26.18956	6.870403	15	26.18956
C6	137-2927	B16	PSYLMUi002-A	GRIA1_3UTR_KO	KO_Cl13	16648	3.716071	5.524911	16	3.716071	219	16	0.508517	0.096185	74.823962	29.669955	0.012559	0.008406	0.009692	0.008778	0.658878	0.099862	25.175257	6.576823	0.048884	0.035373	0.422351	0.158481	91.999947	5.484981	10	0.035714	1.161144	0.10843	1489.2	24.036084	0.00078	7.2e-05	0.00024	0	0.309996	0.028975	16	0	93.075	1.502255	89.452186	0.296885	0.181184	0.559831	24.626696	46	360	0.892368	0.728576	44	30	4600	404.5	24.970191	4.46556	15	24.970191
D1	137-2927	B16	PSYLMUi002-A	WT	WT	25040	5.589286	6.593202	16	5.589286	230	16	0.59075	0.152357	105.829275	53.525142	0.011128	0.007202	0.008737	0.006674	0.689428	0.076973	19.193468	3.314107	0.051339	0.016334	0.894489	0.112592	93.356754	4.324225	12	0.042857	1.194793	0.135266	1919.75	40.274343	0.000623	7.1e-05	0.00024	0	0.390382	0.049021	16	0	119.984375	2.517146	92.000799	0.852779	0.090163	0.681653	40.970446	30	394	0.88488	0.72768	12	41.666667	5250	400.5	27.308681	5.3513	15	27.308681
D2	137-2927	B16	PSYLMUi002-A	WT	WT	21699	4.843527	5.766638	16	4.843527	300	16	0.49245	0.125518	79.062218	40.218856	0.017115	0.01126	0.0144	0.011674	0.728978	0.127636	21.213256	9.329129	0.066964	0.047101	0.528784	0.159184	92.585866	3.944113	10	0.035714	1.137752	0.156081	1887	35.922757	0.000603	8.3e-05	0.00024	0	0.404766	0.057093	16	0	117.9375	2.245172	86.962533	0.328366	0.274669	0.657707	34.567083	29	370	0.883436	0.71892	11	40	5500	486.5	26.008385	3.305844	15	26.008385
D3	137-2927	B16	PSYLMUi002-A	GRIA1_3UTR_KO	KO_Cl19	27390	6.113839	5.780271	16	6.113839	328	16	0.445143	0.058883	83.03573	33.297335	0.010814	0.006454	0.008734	0.006352	0.716903	0.066385	15.308402	4.250178	0.073214	0.047969	0.498088	0.225493	91.258659	5.825822	14	0.05	1.13016	0.0987	1715.642857	26.734038	0.000659	5.9e-05	0.000223	3.4e-05	0.341255	0.065796	16	0	107.227679	1.670877	87.692589	0.337805	0.069329	0.63914	48.543393	34	339	0.916682	0.731286	12	28.571429	5928.571429	400.5	27.928576	5.127015	15	27.928576
D4	137-2927	B16	PSYLMUi002-A	GRIA1_3UTR_KO	KO_Cl19	27648	6.171429	5.507494	16	6.171429	463	15	0.42857	0.082494	63.469469	31.125847	0.015347	0.00838	0.012238	0.008747	0.708716	0.118537	12.056708	5.044265	0.110238	0.080404	0.515106	0.126087	88.419093	23.943205	16	0.057143	1.112545	0.115281	1504	26.650829	0.00074	7.4e-05	0.00024	0	0.327843	0.037641	15.875	0.341565	94.773698	2.311611	87.037037	0.362605	0.04329	0.607636	40.4975	34	384	0.826586	0.735853	24	31.25	4687.5	436.5	27.023908	7.061728	15	27.023908
D5	137-2927	B16	PSYLMUi002-A	GRIA1_3UTR_KO	KO_Cl13	13946	3.112946	4.269097	16	3.112946	260	16	0.442303	0.103109	63.839408	34.541462	0.01996	0.013316	0.017484	0.013774	0.755678	0.119945	30.360763	18.621803	0.058036	0.057521	0.60308	0.284785	83.453545	12.440534	5	0.017857	1.391968	0.058937	1939.8	13.44247	0.000718	3.1e-05	0.00024	0	0.334768	0.014446	16	0	121.2375	0.840154	69.546823	0.305102	0.057476	0.498075	17.830476	45	410	0.865528	0.664178	44	60	6000	468.5	24.93119	6.544046	15	24.93119
D6	137-2927	B16	PSYLMUi002-A	GRIA1_3UTR_KO	KO_Cl13	31495	7.030134	7.051518	16	7.030134	341	16	0.562428	0.060295	95.028022	28.810276	0.012137	0.01056	0.00994	0.010631	0.69597	0.086178	15.105318	4.36511	0.076116	0.048685	0.476228	0.134121	94.628582	4.787375	15	0.053571	1.172896	0.11857	1913	30.085592	0.000614	6.3e-05	0.00024	0	0.395509	0.045859	16	0	119.5625	1.88035	91.1097	0.381559	0.122121	0.6066	54.695625	35	379	0.928948	0.740329	44	46.666667	5800	420.5	25.081538	5.349807	14	25.59066
A1	137-2928	B16	PSYLMUi002-A	GRIA1_3UTR_KO	KO_Cl19	49908	11.140179	5.573117	16	11.140179	761	16	0.464112	0.151408	64.400827	27.723551	0.015199	0.008681	0.012105	0.008819	0.688465	0.111981	8.384257	3.73822	0.169866	0.130018	0.459539	0.218173	94.479093	4.677025	25	0.089286	1.13841	0.056324	1706.84	26.976348	0.000667	3.4e-05	0.00024	0	0.360582	0.02109	16	0	106.6775	1.686022	85.499319	0.276752	0.017518	0.546572	74.866696	37	374	0.863058	0.710848	22	44	5160	372.5	26.780156	8.562601	13	28.252441
A2	137-2928	B16	PSYLMUi002-A	GRIA1_3UTR_KO	KO_Cl19	30262	6.754911	5.646843	16	6.754911	340	16	0.471486	0.107888	79.472998	40.990891	0.012297	0.004873	0.009567	0.00527	0.68692	0.104627	14.028172	2.932221	0.075893	0.022112	0.33976	0.14861	93.821707	4.805854	17	0.060714	1.104419	0.077412	1618.529412	25.942527	0.000683	4.7e-05	0.00024	0	0.35311	0.02492	16	0	101.158088	1.621408	90.922609	0.172363	0.073012	0.592416	47.689286	31	360	0.865866	0.729319	22	17.647059	5235.294118	402.5	31.773629	10.107669	14	32.805915
A3	137-2928	B16	PSYLMUi002-A	GRIA1_3UTR_KO	KO_Cl13	19360	4.321429	5.70518	16	4.321429	266	16	0.510756	0.098453	78.285978	37.64215	0.016312	0.012562	0.01347	0.012776	0.703574	0.119587	21.296887	9.028077	0.059375	0.041973	0.679293	0.100209	90.847241	7.279318	9	0.032143	1.22224	0.110716	1836.333333	27.060118	0.000666	6.1e-05	0.00024	0	0.363326	0.037049	16	0	114.770833	1.691257	85.366736	0.616223	0.048042	0.600832	30.038452	37	401	0.894096	0.718871	13	33.333333	6333.333333	452.5	26.19062	8.052783	13	27.666796
A4	137-2928	B16	PSYLMUi002-A	GRIA1_3UTR_KO	KO_Cl13	11169	2.49308	5.792334	15	2.658571	151	15	0.563408	0.114067	81.686237	37.915652	0.016925	0.015495	0.014458	0.015874	0.692804	0.116727	36.168657	14.061654	0.035952	0.028104	0.604416	0.114163	85.028741	23.822092	6	0.021429	1.20156	0.079531	1591	17.652195	0.000756	4.7e-05	0.00024	0	0.318729	0.020987	15.5	0.547723	102.759722	4.043673	85.468708	0.490341	0.072867	0.595814	15.053185	28	310	0.824663	0.702257	31	33.333333	5500	422.5	26.202544	8.070369	15	26.202544
A5	137-2928	B16	PSYLMUi002-A	WT	WT	45023	10.049777	5.238709	16	10.049777	505	16	0.562185	0.137817	91.994274	38.994875	0.019426	0.008866	0.017315	0.00907	0.779923	0.101066	11.622736	5.803642	0.112723	0.067107	0.61411	0.15592	90.9718	5.522645	14	0.05	1.366909	0.042515	2719.857143	102.158894	0.000503	1e-05	0.000177	3.4e-05	0.352274	0.067742	16	0	169.991071	6.384931	84.574551	0.446639	0.043712	0.629372	79.486815	29	444	0.913497	0.679252	22	28.571429	7214.285714	390.5	29.349894	10.930296	15	29.349894
A6	137-2928	B16	PSYLMUi002-A	WT	WT	30446	6.795982	5.935425	16	6.795982	310	16	0.598389	0.152565	109.833786	51.484381	0.014751	0.0098	0.012783	0.009415	0.753022	0.076034	19.05612	7.959919	0.069196	0.045135	0.587723	0.135045	91.7187	4.80506	11	0.039286	1.331484	0.069279	2451.454545	109.755513	0.000544	2.6e-05	0.000225	3.2e-05	0.415474	0.06273	16	0	153.215909	6.85972	88.569927	0.447028	0.091549	0.6651	54.099643	29	496	0.924476	0.721703	21	18.181818	6000	492.5	25.576211	5.021296	15	25.576211
B1	137-2928	B16	PSYLMUi002-A	GRIA1_3UTR_KO	KO_Cl19	35767	7.983705	5.690212	16	7.983705	483	16	0.425055	0.131874	78.218899	48.994754	0.019583	0.010735	0.017788	0.010888	0.783503	0.085697	10.859403	4.882407	0.107813	0.05328	0.535629	0.190098	90.787576	6.817707	16	0.057143	1.17934	0.058276	1964.75	30.816662	0.000601	3e-05	0.000185	3.8e-05	0.307522	0.058104	16	0	122.796875	1.926041	87.891073	0.318036	0.033819	0.647524	65.11744	30	396	0.868274	0.722584	23	18.75	6062.5	454.5	32.086954	6.502912	15	32.086954
B2	137-2928	B16	PSYLMUi002-A	GRIA1_3UTR_KO	KO_Cl19	36216	8.083929	6.01403	16	8.083929	436	16	0.437295	0.103891	83.906285	39.003153	0.015487	0.009873	0.013411	0.010045	0.752793	0.08705	12.760991	5.149226	0.097321	0.052997	0.613266	0.130444	93.375783	5.054393	15	0.053571	1.137861	0.068939	2002.933333	31.049423	0.000568	3.3e-05	0.00016	0	0.282478	0.017869	16	0	125.183333	1.940589	82.957809	0.449908	0.069355	0.679781	70.943571	30	383	0.887159	0.705772	11	26.666667	6133.333333	406.5	28.191762	6.026481	14	29.039721
B3	137-2928	B16	PSYLMUi002-A	GRIA1_3UTR_KO	KO_Cl13	17159	3.830134	6.432964	16	3.830134	184	16	0.551153	0.089618	87.34808	25.795066	0.012079	0.007569	0.00966	0.007848	0.672306	0.084928	26.213713	6.61391	0.041071	0.01532	0.703085	0.064672	92.337089	5.976688	9	0.032143	1.199689	0.082333	1712.444444	49.500281	0.000701	3.9e-05	0.00024	0	0.343433	0.018936	16	0	107.027778	3.093768	89.818754	0.634667	0.084419	0.634423	27.953423	35	377	0.925248	0.719825	11	22.222222	5555.555556	426.5	27.059839	7.618466	15	27.059839
B4	137-2928	B16	PSYLMUi002-A	GRIA1_3UTR_KO	KO_Cl13	20733	4.627902	6.157816	16	4.627902	229	16	0.562042	0.119922	93.076256	45.181893	0.015157	0.011924	0.012854	0.012105	0.688857	0.09499	24.072791	7.970634	0.051116	0.024001	0.436245	0.195832	92.556231	5.614192	10	0.035714	1.243272	0.082487	1870.8	19.372374	0.000665	4.3e-05	0.00024	0	0.362445	0.025363	16	0	116.925	1.210773	90.232962	0.25421	0.023723	0.606696	34.972917	35	356	0.91659	0.715632	13	20	6100	472.5	30.237268	8.219866	15	30.237268
B5	137-2928	B16	PSYLMUi002-A	WT	WT	26991	6.024777	7.412321	16	6.024777	224	16	0.592894	0.076581	122.969338	42.503776	0.01087	0.011234	0.009246	0.011381	0.735862	0.08791	21.828554	5.15931	0.05	0.027042	0.430127	0.16315	94.935992	3.739531	11	0.039286	1.242684	0.10229	2308.727273	81.798644	0.000539	4e-05	0.000167	2.4e-05	0.311644	0.044502	16	0	144.295455	5.112415	94.090623	0.30985	0.081176	0.682359	54.624762	33	501	0.935416	0.751557	43	27.272727	6272.727273	422.5	27.770621	6.198977	15	27.770621
B6	137-2928	B16	PSYLMUi002-A	WT	WT	28729	6.412723	5.276466	16	6.412723	392	15	0.553213	0.18396	95.83277	65.931773	0.019458	0.011707	0.017184	0.011619	0.792355	0.103635	17.208872	10.079219	0.093333	0.073315	0.558231	0.264113	84.261811	23.399822	9	0.032143	1.393076	0.050835	2578.333333	89.955545	0.000541	1.9e-05	0.00024	0	0.444289	0.015273	16	0	161.145833	5.622222	80.772042	0.243782	0.028669	0.528448	44.476399	35	521	0.802098	0.676605	21	33.333333	6444.444444	422.5	25.924438	7.84309	14	26.682475
C1	137-2928	B16	PSYLMUi002-A	GRIA1_3UTR_KO	KO_Cl19	32909	7.345759	6.052995	16	7.345759	483	16	0.471122	0.095686	78.72524	37.592718	0.015941	0.009139	0.013477	0.009037	0.725038	0.082155	11.515524	4.503544	0.107812	0.079167	0.589483	0.207017	91.685913	7.303355	15	0.053571	1.169515	0.0967	1892.133333	28.532855	0.000618	5e-05	0.000181	3.7e-05	0.294635	0.06096	16	0	118.258333	1.783303	86.243885	0.326799	0.049673	0.67557	59.569256	33	371	0.923717	0.722982	34	26.666667	5933.333333	400.5	32.484337	3.829053	15	32.484337
C2	137-2928	B16	PSYLMUi002-A	GRIA1_3UTR_KO	KO_Cl19	24397	5.445759	5.864346	16	5.445759	352	16	0.41473	0.064258	73.525845	32.583037	0.011339	0.008026	0.008962	0.007615	0.709727	0.091481	16.405606	6.012033	0.078571	0.064668	0.530777	0.14691	92.2124	6.043208	13	0.046429	1.136018	0.072735	1636.307692	13.816564	0.000695	4.5e-05	0.00024	0	0.346931	0.024761	16	0	102.269231	0.863535	87.191048	0.413581	0.034375	0.666446	41.264048	30	331	0.904113	0.725241	13	30.769231	6307.692308	432.5	27.654686	4.548201	14	28.360948
C3	137-2928	B16	PSYLMUi002-A	GRIA1_3UTR_KO	KO_Cl13	9361	2.089509	6.18441	16	2.089509	158	16	0.411289	0.119403	56.046995	36.971132	0.010956	0.005959	0.007089	0.005769	0.588748	0.084446	26.072731	3.661305	0.035268	0.008131	0.410751	0.079448	92.158525	12.1929	9	0.032143	0.942142	0.136663	958.111111	9.752493	0.000984	0.000141	0.00032	0	0.330787	0.044374	16	0	59.881944	0.609531	92.116227	0.355814	0.256189	0.632311	12.018958	35	245	0.868523	0.807041	14	55.555556	3666.666667	202.5	23.774427	9.446464	13	24.76862
C4	137-2928	B16	PSYLMUi002-A	GRIA1_3UTR_KO	KO_Cl13	15074	3.364732	7.004757	15	3.589048	184	15	0.469607	0.163374	75.602937	46.25657	0.009634	0.005718	0.006278	0.004847	0.620062	0.066038	24.272306	4.572595	0.04381	0.008587	0.495048	0.096371	94.890873	7.853812	12	0.042857	1.021433	0.112041	1207.083333	35.461781	0.000847	9.4e-05	0.000307	3.1e-05	0.365897	0.055443	15	0	80.472222	2.364119	96.09261	0.427836	0.077486	0.517423	20.307262	41	340	0.836343	0.720441	33	50	4333.333333	340.5	32.983627	11.608094	13	34.242685
C5	137-2928	B16	PSYLMUi002-A	WT	WT	22035	4.918527	5.437195	16	4.918527	343	16	0.508226	0.126112	77.189224	39.260502	0.019453	0.012839	0.017083	0.013207	0.765182	0.121714	19.114735	10.556671	0.076563	0.065802	0.647609	0.204639	90.809828	6.537263	8	0.028571	1.34155	0.085693	2247	124.947989	6e-04	5.7e-05	0.00024	0	0.403813	0.041915	16	0	140.4375	7.809249	81.579306	0.432972	0.109682	0.688149	34.70994	30	373	0.906497	0.697349	24	37.5	6250	442.5	26.025872	4.073278	15	26.025872
C6	137-2928	B16	PSYLMUi002-A	WT	WT	34519	7.705134	6.793338	16	7.705134	322	16	0.573941	0.154006	108.487403	40.882679	0.012747	0.006974	0.010748	0.007034	0.747484	0.105252	16.119955	5.779328	0.071875	0.028981	0.768968	0.194456	94.943057	4.193743	13	0.046429	1.224923	0.087612	2430.461538	68.020359	0.000505	3.8e-05	0.000209	4.1e-05	0.417644	0.089422	16	0	151.903846	4.251272	91.5322	0.847145	0.099827	0.674018	64.94869	28	458	0.910621	0.730102	24	53.846154	5307.692308	382.5	27.046042	5.214331	15	27.046042
D1	137-2928	B16	PSYLMUi002-A	GRIA1_3UTR_KO	KO_Cl19	30655	6.842634	5.053923	16	6.842634	540	15	0.448641	0.111981	65.482843	37.836674	0.022705	0.010583	0.020675	0.01038	0.792497	0.071348	11.100163	5.957959	0.128571	0.101285	0.670729	0.168357	83.377358	23.421331	12	0.042857	1.277453	0.094371	2007.583333	38.822342	0.000636	4.2e-05	0.000233	2.3e-05	0.367856	0.042735	15.833333	0.389249	126.860417	3.778501	78.587506	0.567462	0.083759	0.58808	49.235179	35	390	0.854001	0.690655	21	25	5916.666667	444.5	26.63451	5.29842	15	26.63451
D2	137-2928	B16	PSYLMUi002-A	GRIA1_3UTR_KO	KO_Cl19	40561	9.053795	5.996113	16	9.053795	497	16	0.46145	0.110487	83.641672	34.907282	0.014089	0.00749	0.01194	0.00747	0.720912	0.082295	10.356973	3.422267	0.110937	0.049392	0.470466	0.181738	93.720345	4.219927	19	0.067857	1.099705	0.055252	1829.052632	22.843608	0.000602	3e-05	0.000177	3.4e-05	0.293829	0.051614	16	0	114.315789	1.427725	85.678361	0.271006	0.045054	0.674202	79.218244	29	368	0.925885	0.732791	13	31.578947	5894.736842	378.5	27.343464	6.225461	15	27.343464
D3	137-2928	B16	PSYLMUi002-A	GRIA1_3UTR_KO	KO_Cl13	12809	2.859152	5.649784	16	2.859152	148	16	0.549966	0.10198	78.058144	27.277145	0.008868	0.003077	0.005643	0.002393	0.614201	0.050768	27.155755	1.591803	0.033036	0.002062	0.336591	0.053321	92.380453	6.008176	9	0.032143	1.092107	0.13053	1301.333333	32.771939	0.00084	1e-04	0.000302	3.5e-05	0.366164	0.071836	16	0	81.333333	2.048246	91.435709	0.289034	0.165325	0.578401	17.892024	47	368	0.899854	0.737865	33	33.333333	4666.666667	384.5	22.362634	5.142334	12	23.257461
D4	137-2928	B16	PSYLMUi002-A	GRIA1_3UTR_KO	KO_Cl13	11748	2.622321	4.930278	16	2.622321	142	16	0.507533	0.205855	75.940476	49.295713	0.00903	0.004016	0.005214	0.001952	0.59908	0.057281	31.626376	2.581942	0.031696	0.001786	0.223927	0.078387	91.513298	5.831124	9	0.032143	1.159858	0.09982	1223.555556	25.000556	0.00095	9.5e-05	0.00032	0	0.339883	0.034185	16	0	76.472222	1.562535	93.735104	0.193542	0.137727	0.601731	14.746369	23	339	0.828454	0.749053	24	44.444444	5111.111111	430.5	23.778394	8.020454	10	27.261711
D5	137-2928	B16	PSYLMUi002-A	WT	WT	29012	6.475893	4.964805	16	6.475893	304	16	0.509941	0.122028	102.562356	49.403766	0.015845	0.010679	0.014015	0.010314	0.784024	0.075029	18.574572	8.243297	0.067857	0.039748	0.539868	0.210308	87.249175	7.250517	10	0.035714	1.30224	0.077967	2435.8	84.396946	0.000535	3.2e-05	0.00016	0	0.300024	0.019297	16	0	152.2375	5.274809	83.958362	0.280126	0.076457	0.661526	52.050208	32	464	0.920771	0.694577	21	20	6800	418.5	28.169799	4.578682	15	28.169799
D6	137-2928	B16	PSYLMUi002-A	WT	WT	30881	6.89308	5.590379	16	6.89308	334	16	0.602599	0.159014	104.021591	48.991003	0.01299	0.010546	0.010999	0.01088	0.729288	0.118776	17.928586	7.404473	0.074554	0.051736	0.474511	0.158144	93.080051	3.719609	12	0.042857	1.325187	0.07849	2279.083333	30.389766	0.000582	3.3e-05	0.00024	0	0.413927	0.025488	16	0	142.442708	1.89936	88.562547	0.344934	0.037175	0.637941	52.116548	30	398	0.904019	0.702477	33	41.666667	6083.333333	432.5	23.159006	4.769218	13	24.00478
