sample	cell_line	condition	batch	is_reference	Ectoderm_score	Ectoderm_t	Ectoderm_p	Ectoderm_fdr	Endoderm_score	Endoderm_t	Endoderm_p	Endoderm_fdr	Mesoderm_score	Mesoderm_t	Mesoderm_p	Mesoderm_fdr	Pluri_score	Pluri_t	Pluri_p	Pluri_fdr	n_layers_significant	pass_R2_3layers	pass_R1_3layers_and_pluri
0401029ip2_EB_1	0401029ip2	EB	B01	FALSE	2.912	6.776	8.98250527932629e-07	1.29689834882341e-06	7.3285	20.766	8.03476965909335e-15	1.5366496973016e-13	4.9373	19.73	2.03879435471509e-14	3.13841400513798e-13	-5.0481	-10.816	7.33487084364777e-10	2.73715911970271e-09	3	TRUE	TRUE
PSYLMUi001-A_EB_1	PSYLMUi001-A	EB	B01	FALSE	5.0419	12.345	8.01845941342535e-11	2.45364858050816e-10	6.9041	19.516	2.48475372533625e-14	2.75992000375361e-13	4.3911	17.442	1.88535616014493e-13	1.20191455209239e-12	-4.1655	-8.917	1.61321296746481e-08	4.08764537098785e-08	3	TRUE	TRUE
PSYLMUi036-A_EB_1	PSYLMUi036-A	EB	B01	FALSE	5.3371	13.116	2.84354154310026e-11	1.10557055488908e-10	6.1949	17.427	1.91525665306917e-13	9.15732087248697e-13	4.6858	18.677	5.50666029518775e-14	5.26574390727329e-13	-7.8799	-16.908	3.29100904512469e-13	1.67841461301359e-11	3	TRUE	TRUE
PSYLMUi036-A_EB_2	PSYLMUi036-A	EB	B01	FALSE	6.8375	17.039	2.86718125575272e-13	1.32736237324156e-11	6.7135	18.954	4.21659052033631e-14	3.39546499795503e-13	3.3945	13.269	2.32927140377184e-11	7.42455259952273e-11	-5.9674	-12.793	4.3612393248915e-11	3.336348083542e-10	3	TRUE	TRUE
PSYLMUi038-A_EB_1	PSYLMUi038-A	EB	B01	FALSE	5.7818	14.279	6.52517495045204e-12	3.56554202649701e-11	6.7167	18.964	4.17926230906006e-14	3.39546499795503e-13	4.0422	15.981	8.98082894837796e-13	4.29395884094321e-12	-7.8957	-16.942	3.17463404554291e-13	1.67841461301359e-11	3	TRUE	TRUE
PSYLMUi038-A_EB_2	PSYLMUi038-A	EB	B01	FALSE	6.1727	15.301	1.93981632718351e-12	2.01692084271288e-11	4.0547	11.123	4.61263514425284e-10	9.80184968153728e-10	2.8017	10.787	7.66294867712957e-10	1.80374022707819e-09	-7.4109	-15.899	9.84323590902965e-13	2.65911106656334e-11	3	TRUE	TRUE
PSYLMUi005-A_EB_1	PSYLMUi005-A	EB	B01	FALSE	5.6114	13.833	1.13316464537478e-11	5.59271583039809e-11	3.7369	10.187	1.94967918532381e-09	3.72876144193179e-09	3.2619	12.714	4.85270413806371e-11	1.37493283911805e-10	-4.3122	-9.232	9.37469470745608e-09	2.43106489871319e-08	3	TRUE	TRUE
PSYLMUi006-A_EB_1	PSYLMUi006-A	EB	B01	FALSE	6.8847	17.162	2.5202570389005e-13	1.32736237324156e-11	5.3207	14.852	3.27454532566805e-12	1.00201086965442e-11	3.1221	12.128	1.08208012350739e-10	2.85445273959707e-10	-5.8967	-12.641	5.35081700719025e-11	3.89845239095289e-10	3	TRUE	TRUE
PSYLMUi008-A_EB_1	PSYLMUi008-A	EB	B01	FALSE	5.8637	14.493	5.03055333812975e-12	3.02662441866414e-11	4.0064	10.981	5.70902541119233e-10	1.19654916152387e-09	3.5787	14.041	8.7498899810484e-12	3.18745992166763e-11	-8.0707	-17.318	2.14245086687447e-13	1.67841461301359e-11	3	TRUE	TRUE
PSYLMUi008-A_EB_2	PSYLMUi008-A	EB	B01	FALSE	6.5691	16.337	6.07289974685682e-13	1.32736237324156e-11	7.0146	19.841	1.84055191270687e-14	2.56004038767411e-13	4.2757	16.959	3.11789094087769e-13	1.76680486649736e-12	-7.222	-15.493	1.55672627950896e-12	2.97723900956089e-11	3	TRUE	TRUE
PSYLMUi010-A_EB_1	PSYLMUi010-A	EB	B01	FALSE	6.4033	15.904	9.7927811694431e-13	1.36208683538618e-11	6.2013	17.446	1.87896101601284e-13	9.15732087248697e-13	4.4958	17.881	1.20723962249665e-13	9.23538311209941e-13	-5.6711	-12.156	1.04121429229084e-10	6.92633855306514e-10	3	TRUE	TRUE
PSYLMUi013-A_EB_1	PSYLMUi013-A	EB	B01	FALSE	6.6828	16.634	4.40463402004725e-13	1.32736237324156e-11	4.2657	11.745	1.86035448377725e-10	4.24827217937192e-10	2.1932	8.239	5.40122022496885e-08	9.28524375753072e-08	-4.7076	-10.083	2.30322700119821e-09	7.34153606631929e-09	3	TRUE	TRUE
PSYLMUi020-A_EB_1	PSYLMUi020-A	EB	B01	FALSE	6.1663	15.284	1.97737337520871e-12	2.01692084271288e-11	5.5009	15.383	1.76479333058132e-12	6.0002973239765e-12	3.5972	14.118	7.94982581400532e-12	3.04080837385703e-11	-4.3996	-9.42	6.82409680749386e-09	1.89833965735738e-08	3	TRUE	TRUE
PSYLMUi021-A_EB_1	PSYLMUi021-A	EB	B01	FALSE	3.4369	8.149	6.36857212036774e-08	1.04773283270566e-07	7.5571	21.439	4.48628406783338e-15	1.5366496973016e-13	5.3944	21.644	3.77077418226113e-15	1.44232112471488e-13	-4.468	-9.568	5.33770541505869e-09	1.54088477076222e-08	3	TRUE	TRUE
PSYLMUi022-A_EB_1	PSYLMUi022-A	EB	B01	FALSE	4.449	10.795	7.57282299922122e-10	1.86877728851749e-09	1.9349	4.88	5.19884556039716e-05	6.85709802362728e-05	1.7112	6.22	2.82107170386327e-06	3.92385427900982e-06	-6.1012	-13.081	2.97722163531498e-11	2.53063839001773e-10	3	TRUE	TRUE
PSYLMUi024-A_EB_1	PSYLMUi024-A	EB	B01	FALSE	5.7905	14.302	6.34612784024817e-12	3.56554202649701e-11	2.7977	7.421	2.50911646697213e-07	4.17276977659495e-07	2.5283	9.642	4.71952271509392e-09	9.89160240286808e-09	-5.1407	-11.015	5.42761192249236e-10	2.30673506705925e-09	3	TRUE	TRUE
PSYLMUi025-A_EB_1	PSYLMUi025-A	EB	B01	FALSE	4.8669	11.887	1.51967955401741e-10	4.55903866205224e-10	6.9054	19.52	2.47640861616646e-14	2.75992000375361e-13	4.2829	16.99	3.02006164493642e-13	1.76680486649736e-12	-5.0918	-10.91	6.36004289938428e-10	2.43271640901449e-09	3	TRUE	TRUE
PSYLMUi026-A_EB_1	PSYLMUi026-A	EB	B01	FALSE	3.6798	8.784	2.0354603531834e-08	3.57960269008115e-08	7.3296	20.769	8.01156015039778e-15	1.5366496973016e-13	5.5952	22.485	1.87577389306672e-15	1.18296749223607e-13	-6.2098	-13.315	2.19505351249445e-11	1.97554816124501e-10	3	TRUE	TRUE
PSYLMUi028-A_EB_1	PSYLMUi028-A	EB	B01	FALSE	4.4792	10.874	6.71616094009303e-10	1.68454528497415e-09	0.861	1.717	0.0511038409343583	0.0566586062533103	1.5457	5.527	1.24101943295293e-05	1.65109541949389e-05	-4.0119	-8.586	2.88573688168382e-08	6.89871473277538e-08	2	FALSE	FALSE
PSYLMUi029-A_EB_1	PSYLMUi029-A	EB	B01	FALSE	6.4615	16.056	8.26876579168336e-13	1.36208683538618e-11	4.2176	11.603	2.28023345570224e-10	4.98393883889204e-10	2.7685	10.648	9.48435893280388e-10	2.19864684351363e-09	-6.3679	-13.655	1.41915522539732e-11	1.67023653450608e-10	3	TRUE	TRUE
PSYLMUi030-A_EB_1	PSYLMUi030-A	EB	B01	FALSE	5.2858	12.982	3.39247740705052e-11	1.26514414211737e-10	2.2457	5.796	6.94785854405784e-06	1.02213688196236e-05	2.3334	8.826	1.88985421221955e-08	3.44223445797132e-08	-3.8775	-8.297	4.8555154360476e-08	1.12559676017467e-07	3	TRUE	TRUE
PSYLMUi031-A_EB_1	PSYLMUi031-A	EB	B01	FALSE	6.2869	15.599	1.37893090403359e-12	1.75813690264282e-11	6.0848	17.103	2.68143587660069e-13	1.17217054034259e-12	4.0265	15.916	9.66046655043731e-13	4.47894358247548e-12	-6.8628	-14.72	3.83257517119896e-12	5.86384001193441e-11	3	TRUE	TRUE
PSYLMUi032-A_EB_1	PSYLMUi032-A	EB	B01	FALSE	4.1297	9.96	2.80690547506147e-09	5.96467413450563e-09	2.035	5.175	2.69276199628243e-05	3.61397004764221e-05	2.9219	11.29	3.60091205255047e-10	9.03179580393806e-10	-4.0232	-8.611	2.76350848228311e-08	6.71137774268756e-08	3	TRUE	TRUE
PSYLMUi033-A_EB_1	PSYLMUi033-A	EB	B01	FALSE	6.085	15.071	2.53112822281685e-12	2.29135514107902e-11	5.3913	15.06	2.56494578652297e-12	8.34971713485137e-12	3.0697	11.909	1.47304424465833e-10	3.75626282387874e-10	-3.5369	-7.564	1.90500057731272e-07	4.22413171491082e-07	3	TRUE	TRUE
MPIPi008-A_EB_1	MPIPi008-A	EB	B08	FALSE	4.5461	11.048	5.15978795411424e-10	1.4097277803205e-09	5.0445	14.039	8.77188048268474e-12	2.53225983745427e-11	1.8986	7.005	5.67968400088262e-07	8.35568896283693e-07	-2.968	-6.34	2.19579984246718e-06	3.87140581836131e-06	3	TRUE	TRUE
MPIPi056-A_EB_1	MPIPi056-A	EB	B08	FALSE	5.9711	14.774	3.59429057367641e-12	2.58455574758244e-11	6.2019	17.448	1.87543399658808e-13	9.15732087248697e-13	3.4175	13.366	2.05539194773785e-11	6.83641234791067e-11	-4.9948	-10.701	8.74111415424952e-10	3.18426301333375e-09	3	TRUE	TRUE
ISFi001-A_iPSC_1	ISFi001-A	iPSC	B08	TRUE	-0.2229	-1.545	0.930163508063406	NA	0.0266	-0.77	0.774370789584889	NA	-0.1815	-1.914	0.964192113036135	NA	0.0025	0.052	0.520281483677295	NA	NA	FALSE	FALSE
MPIPi034-A_iPSC_1	MPIPi034-A	iPSC	B08	TRUE	1.1015	2.403	0.0136337429407499	NA	0.4267	0.451	0.328787948135108	NA	0.0804	-0.63	0.731608271800128	NA	0.0806	0.224	0.587330271456559	NA	NA	FALSE	FALSE
MPIPi008-A_iPSC_1	MPIPi008-A	iPSC	B08	TRUE	0.0486	-0.737	0.764605811427903	NA	-0.0835	-1.127	0.862751051092733	NA	-0.1214	-1.588	0.935198429321813	NA	-0.6125	-1.368	0.0940370930495305	NA	NA	FALSE	FALSE
nonCohort_iPSC1_iPSC_1	nonCohort_iPSC1	iPSC	B08	TRUE	0.0433	-0.751	0.768950172439361	NA	0.1448	-0.403	0.654165201845696	NA	0.3732	0.639	0.265438969177007	NA	-0.8	-1.875	0.0385378412642216	NA	NA	FALSE	FALSE
nonCohort_iPSC2_iPSC_1	nonCohort_iPSC2	iPSC	B08	TRUE	-0.2031	-1.482	0.922188209056207	NA	0.1266	-0.459	0.674030272208695	NA	0.3261	0.432	0.33528019060758	NA	0.1894	0.466	0.676557602582299	NA	NA	FALSE	FALSE
MPIPi056-A_iPSC_1	MPIPi056-A	iPSC	B08	TRUE	0.8309	1.444	0.0829558365359751	NA	0.4094	0.398	0.347701074352275	NA	0.2887	0.27	0.394960165131207	NA	-0.9607	-2.37	0.0145871267015382	NA	NA	FALSE	FALSE
MPIPi010-A_iPSC_1	MPIPi010-A	iPSC	B07	TRUE	0.5918	0.738	0.234893919815773	NA	0.2537	-0.073	0.52872161997178	NA	-0.0369	-1.167	0.870833462880639	NA	-0.2433	-0.493	0.314052868587244	NA	NA	FALSE	FALSE
MPIPi010-A_EB_1	MPIPi010-A	EB	B07	FALSE	4.1981	10.139	2.10678198070388e-09	4.74025945658373e-09	7.1218	20.157	1.38143173135124e-14	2.1135905489674e-13	4.0584	16.049	8.32868458614617e-13	4.24762913893455e-12	-3.2458	-6.938	6.48975292399847e-07	1.28952233424905e-06	3	TRUE	TRUE
MPIPi056-A_iPSC_2	MPIPi056-A	iPSC	B07	TRUE	0.0852	-0.635	0.733220734726843	NA	-0.0258	-0.938	0.819599571471955	NA	0.1134	-0.485	0.683134765060452	NA	0.2087	0.509	0.691602957264119	NA	NA	FALSE	FALSE
MPIPi056-A_EB_2	MPIPi056-A	EB	B07	FALSE	6.5019	16.161	7.36129600896386e-13	1.36208683538618e-11	5.9355	16.663	4.2715669756417e-13	1.71986775598205e-12	3.643	14.31	6.28294147392641e-12	2.5297106460809e-11	-5.5919	-11.985	1.32217021827674e-10	7.5776673499131e-10	3	TRUE	TRUE
ISFi001-A_iPSC_2	ISFi001-A	iPSC	B07	TRUE	-0.2049	-1.488	0.922933863267539	NA	0.0339	-0.747	0.767648201112977	NA	0.0777	-0.642	0.735372738177954	NA	-0.3277	-0.684	0.251344724372247	NA	NA	FALSE	FALSE
MPIPi018-A_EB_1	MPIPi018-A	EB	B07	FALSE	5.678	14.008	9.11557565245769e-12	4.80925198215871e-11	6.7366	19.022	3.9521036070954e-14	3.39546499795503e-13	3.7705	14.844	3.30764568860902e-12	1.40574941765883e-11	-5.1817	-11.103	4.75477342147669e-10	2.07851523853124e-09	3	TRUE	TRUE
MPIPi018-A_iPSC_1	MPIPi018-A	iPSC	B07	TRUE	0.1203	-0.538	0.701500666665553	NA	0.0609	-0.662	0.741875063727646	NA	0.0217	-0.894	0.808343186624951	NA	0.0833	0.23	0.589594719862976	NA	NA	FALSE	FALSE
MPIPi021-A_iPSC_1	MPIPi021-A	iPSC	B07	TRUE	0.2829	-0.099	0.538827416815463	NA	-0.1152	-1.234	0.88348582548776	NA	0.1051	-0.521	0.695564068325756	NA	0.2355	0.57	0.712058690279905	NA	NA	FALSE	FALSE
MPIPi023-A_iPSC_1	MPIPi023-A	iPSC	B07	TRUE	0.031	-0.786	0.778907759936215	NA	-0.0403	-0.985	0.831118200742978	NA	0.1143	-0.48	0.681639136310287	NA	0.178	0.44	0.66753934669064	NA	NA	FALSE	FALSE
MPIPi038-A_iPSC_1	MPIPi038-A	iPSC	B06	TRUE	0.5495	0.621	0.271264845832366	NA	1.0895	2.993	0.00390010670473616	NA	0.7734	2.817	0.00571014595889598	NA	0.1118	0.293	0.613529945759938	NA	NA	FALSE	FALSE
MPIPi038-A_EB_1	MPIPi038-A	EB	B06	FALSE	3.8285	9.173	1.03817501156364e-08	1.98550970961546e-08	4.9604	13.791	1.19529245298745e-11	3.32508627831054e-11	2.8461	10.973	5.78228722237737e-10	1.40426975400593e-09	-1.5139	-3.212	0.00229452867863019	0.00302640420543465	3	TRUE	TRUE
MPIPi038-A_EB_2	MPIPi038-A	EB	B06	FALSE	4.6939	11.435	2.91294200742199e-10	8.25333568769563e-10	6.2761	17.666	1.49991765523364e-13	8.19597861609808e-13	3.9128	15.44	1.65375820385551e-12	7.22928586256839e-12	-3.3414	-7.144	4.31407261175141e-07	9.04182341915022e-07	3	TRUE	TRUE
MPIPi026-A_EB_1	MPIPi026-A	EB	B06	FALSE	4.6802	11.399	3.06934750138237e-10	8.53836668566367e-10	3.6837	10.031	2.50393539264889e-09	4.72965574167012e-09	3.3005	12.875	3.90880691840573e-11	1.19609491703215e-10	-2.9674	-6.339	2.20138762220545e-06	3.87140581836131e-06	3	TRUE	TRUE
MPIPi026-A_EB_2	MPIPi026-A	EB	B06	FALSE	5.3505	13.151	2.71540946499773e-11	1.09330960038066e-10	5.7167	16.019	8.61659639510442e-13	3.29584812112744e-12	3.9266	15.497	1.54847909599451e-12	6.96815593197529e-12	-3.8327	-8.201	5.7866017337543e-08	1.32141800785732e-07	3	TRUE	TRUE
MPIPi025-A_iPSC_1	MPIPi025-A	iPSC	B06	TRUE	0.5936	0.743	0.233417241625788	NA	0.665	1.213	0.120364841242857	NA	0.5712	1.579	0.0658373180103878	NA	-0.0166	0.009	0.503730788085615	NA	NA	FALSE	FALSE
MPIPi025-A_EB_1	MPIPi025-A	EB	B06	FALSE	3.0155	7.047	5.22430861858132e-07	7.7603807635237e-07	6.5599	18.502	6.52346960356863e-14	4.33952543193913e-13	4.5494	18.105	9.64440965950649e-14	7.7662877784447e-13	-3.3109	-7.078	4.91149357208341e-07	1.01548448179562e-06	3	TRUE	TRUE
MPIPi035-A_EB_1	MPIPi035-A	EB	B06	FALSE	3.9538	9.5	5.97341704378447e-09	1.17170872781926e-08	2.5482	6.686	1.07800950558746e-06	1.75463249313704e-06	1.8705	6.887	7.18553975601107e-07	1.04703579301876e-06	-0.2375	-0.466	0.32333122696425	0.341170191210554	3	TRUE	FALSE
MPIPi035-A_EB_2	MPIPi035-A	EB	B06	FALSE	3.8219	9.155	1.0692484679591e-08	2.0196915505894e-08	2.3414	6.077	3.81033677888153e-06	5.82981527168874e-06	1.6574	5.995	4.53735811433967e-06	6.14350257959266e-06	-0.384	-0.781	0.222180305721055	0.241089267910081	3	TRUE	FALSE
MPIPi035-A_cl6_iPSC_1	MPIPi035-A	iPSC	B06	TRUE	0.6346	0.859	0.200820193632703	NA	0.5322	0.779	0.223005640373566	NA	0.3482	0.529	0.301694675005799	NA	0.0659	0.191	0.574859594220545	NA	NA	FALSE	FALSE
MPIPi010-A_EB_2	MPIPi010-A	EB	B11	FALSE	4.5119	10.959	5.90139686151533e-10	1.53036223696923e-09	6.8982	19.498	2.52541699689873e-14	2.75992000375361e-13	3.7123	14.6	4.42379686179411e-12	1.82929978339054e-11	-3.4386	-7.353	2.86460905853e-07	6.26121694221557e-07	3	TRUE	TRUE
MPIPi056-A_EB_3	MPIPi056-A	EB	B11	FALSE	6.4303	15.974	9.05130724232351e-13	1.36208683538618e-11	5.5839	15.627	1.33571399807788e-12	4.86581527871228e-12	3.4706	13.588	1.54539862622963e-11	5.25435532918075e-11	-5.4208	-11.617	2.23484273990654e-10	1.13976979735233e-09	3	TRUE	TRUE
MPIPi008-A_EB_2	MPIPi008-A	EB	B04	FALSE	4.1089	9.906	3.06548478939861e-09	6.25358897037316e-09	7.4549	21.138	5.80856348485419e-15	1.5366496973016e-13	4.5853	18.256	8.30688409383023e-14	7.0608514797557e-13	-5.3724	-11.513	2.59836188232063e-10	1.28241731611309e-09	3	TRUE	TRUE
MPIPi005-A_EB_1	MPIPi005-A	EB	B04	FALSE	3.7091	8.86	1.78022436107826e-08	3.16714334005784e-08	5.3586	14.964	2.87095016375229e-12	9.15115364696042e-12	2.0798	7.764	1.30428391892583e-07	2.10058357469107e-07	-3.214	-6.87	7.44279334016786e-07	1.45993253980216e-06	3	TRUE	TRUE
PSYLMUi046-A_EB_1	PSYLMUi046-A	EB	B04	FALSE	4.7649	11.62	2.22513154277437e-10	6.42349294423546e-10	5.3307	14.882	3.16274040033957e-12	9.87549553575416e-12	1.9111	7.057	5.11799800260865e-07	7.60246305241868e-07	-3.246	-6.938	6.48477691741361e-07	1.28952233424905e-06	3	TRUE	TRUE
PSYLMUi045-A_EB_1	PSYLMUi045-A	EB	B04	FALSE	3.7721	9.025	1.33721741296737e-08	2.46499113474708e-08	3.778	10.309	1.60935777745616e-09	3.11685746773155e-09	2.0574	7.67	1.55781816209264e-07	2.48277269583515e-07	-2.3686	-5.051	3.54967541142067e-05	5.65729518695169e-05	3	TRUE	TRUE
MPIPi006-A_EB_1	MPIPi006-A	EB	B04	FALSE	1.6844	3.567	0.00102817432436043	0.00124849739386623	3.3969	9.186	1.01412706194188e-08	1.89221268874521e-08	2.4508	9.317	8.11715230281226e-09	1.60447061436333e-08	-0.8146	-1.707	0.0520158279835607	0.0607513105456855	3	TRUE	FALSE
PSYLMUi008-A_EB_3	PSYLMUi008-A	EB	B12	FALSE	5.0872	12.463	6.81685123039574e-11	2.2298683662093e-10	2.6747	7.059	5.10067939433429e-07	8.39144029390479e-07	4.1584	16.468	5.26744177695836e-13	2.87828068526653e-12	-7.3532	-15.775	1.13105571032327e-12	2.65911106656334e-11	3	TRUE	TRUE
PSYLMUi010-A_EB_2	PSYLMUi010-A	EB	B12	FALSE	6.0831	15.066	2.54595015675447e-12	2.29135514107902e-11	6.3045	17.75	1.37778481823183e-13	7.97616472810187e-13	4.9111	19.62	2.25637608212534e-14	3.13841400513798e-13	-5.6057	-12.015	1.26778359139441e-10	7.5776673499131e-10	3	TRUE	TRUE
MPIPi040-A_EB_1	MPIPi040-A	EB	B05	FALSE	3.5761	8.513	3.29106490788275e-08	5.65767338096698e-08	1.5024	3.606	0.000940714109798281	0.0011333012503869	1.0207	3.329	0.00176315118814108	0.00202828670515477	-5.1248	-10.981	5.7141092809918e-10	2.36286140538309e-09	3	TRUE	TRUE
MPIPi049-A_EB_1	MPIPi049-A	EB	B05	FALSE	4.1465	10.004	2.61511153489002e-09	5.71506040235969e-09	4.514	12.476	6.69301339504963e-11	1.61650084163855e-10	3.4087	13.329	2.15635910861623e-11	7.01963709826134e-11	-2.7616	-5.896	5.59892055481353e-06	9.62511061670192e-06	3	TRUE	TRUE
MPIPi050-A_EB_1	MPIPi050-A	EB	B05	FALSE	6.0084	14.871	3.20172230510276e-12	2.57822901410907e-11	6.8206	19.27	3.12753542892699e-14	3.19008613750553e-13	3.4725	13.596	1.5305236806683e-11	5.25435532918075e-11	-4.6548	-9.97	2.7641347174102e-09	8.63086962783186e-09	3	TRUE	TRUE
MPIPi042-A_EB_1	MPIPi042-A	EB	B05	FALSE	1.2737	2.494	0.0110195092620639	0.0123969479198219	2.0055	5.088	3.26693997309316e-05	4.34645057289785e-05	1.2964	4.483	0.000127308333240325	0.000152173242076326	-0.2119	-0.411	0.342876807552395	0.359316106544633	3	TRUE	FALSE
MPIPi043-A_EB_1	MPIPi043-A	EB	B05	FALSE	5.8831	14.544	4.73298215404096e-12	3.01727612320111e-11	7.4944	21.254	5.2552005589572e-15	1.5366496973016e-13	4.7501	18.946	4.25113049580254e-14	4.48561053684924e-13	-6.7701	-14.521	4.8667119262311e-12	6.76915386103053e-11	3	TRUE	TRUE
MPIPi044-A_EB_1	MPIPi044-A	EB	B05	FALSE	5.4119	13.312	2.20339161206604e-11	9.36441435128067e-11	3.8771	10.6	1.0204346570277e-09	2.08168670033651e-09	2.9101	11.241	3.87398893239012e-10	9.56000494605949e-10	-2.4244	-5.171	2.71728051552494e-05	4.47036471908943e-05	3	TRUE	TRUE
MPIPi051-A_EB_1	MPIPi051-A	EB	B05	FALSE	2.0868	4.619	9.35958919141629e-05	0.000120337575318209	5.7765	16.195	7.09575030185861e-13	2.78371742611376e-12	3.0826	11.963	1.36459557737119e-10	3.53869700572529e-10	-1.2777	-2.704	0.00703527331216326	0.00889584146083453	3	TRUE	TRUE
MPIPi052-A_EB_1	MPIPi052-A	EB	B05	FALSE	1.4545	2.966	0.00396684513864656	0.00468066563919905	2.3986	6.246	2.67441815066511e-06	4.17536711277308e-06	1.3506	4.71	7.61531188733505e-05	9.24716443462113e-05	-0.5232	-1.08	0.14673255439344	0.162681745088379	3	TRUE	FALSE
MPIPi054-A_EB_1	MPIPi054-A	EB	B05	FALSE	1.7934	3.852	0.000537025917713056	0.00065731972328078	3.1663	8.507	3.32505555983681e-08	5.91550582157014e-08	2.6379	10.101	2.23732534383355e-09	4.96102576241352e-09	-0.574	-1.19	0.124379220451408	0.138905260796099	3	TRUE	FALSE
PSYLMUi041-A_EB_1	PSYLMUi041-A	EB	B05	FALSE	5.525	13.608	1.50744669366047e-11	7.20747950406413e-11	7.6893	21.828	3.22807559567858e-15	1.5366496973016e-13	4.7416	18.91	4.39765738906789e-14	4.48561053684924e-13	-4.8092	-10.302	1.62688952815018e-09	5.41117603928213e-09	3	TRUE	TRUE
MPIPi020-A_iPSC_1	MPIPi020-A	iPSC	B05	TRUE	0.6304	0.847	0.204014980580725	NA	0.5352	0.788	0.220356794610548	NA	0.4704	1.082	0.146790917049723	NA	0.4866	1.158	0.869043706426928	NA	NA	FALSE	FALSE
MPIPi013-A_iPSC_1	MPIPi013-A	iPSC	B05	TRUE	0.5905	0.735	0.235981803481254	NA	0.5768	0.922	0.184454821699312	NA	0.3276	0.439	0.333048973284677	NA	-0.285	-0.587	0.282306063527946	NA	NA	FALSE	FALSE
MPIPi017-A_iPSC_1	MPIPi017-A	iPSC	B05	TRUE	0.5919	0.739	0.23481588556321	NA	0.7789	1.616	0.0617898000682368	NA	0.3066	0.347	0.366130562351661	NA	-0.349	-0.733	0.236513213390573	NA	NA	FALSE	FALSE
MPIPi001-A_EB_1	MPIPi001-A	EB	B03	FALSE	1.2452	2.419	0.0128792247677652	0.0143833678063363	1.0847	2.376	0.0140857116680666	0.0159638065571422	1.0448	3.43	0.00140379624939126	0.00162712747088533	-0.8795	-1.847	0.0401781184648035	0.0472865548085764	3	TRUE	TRUE
MPIPi013-A_EB_1	MPIPi013-A	EB	B03	FALSE	0.9365	1.612	0.0617287770447314	0.0660454747401672	2.0643	5.261	2.22464569726599e-05	3.06640352866393e-05	1.4392	5.081	3.31513374244387e-05	4.26231481171355e-05	-0.439	-0.899	0.189849353847664	0.208970871501386	2	FALSE	FALSE
MPIPi015-A_EB_1	MPIPi015-A	EB	B03	FALSE	1.329	2.638	0.00810565227562508	0.00925496118037789	2.2351	5.764	7.43155179632461e-06	1.08288326175016e-05	1.4992	5.333	1.90118937549652e-05	2.50760322802559e-05	-0.2831	-0.564	0.289694136167974	0.307800019678472	3	TRUE	FALSE
MPIPi017-A_EB_1	MPIPi017-A	EB	B03	FALSE	1.3357	2.656	0.00780661287329461	0.00898053962115846	2.2679	5.861	6.03690554127404e-06	9.05535831191107e-06	2.2362	8.419	3.89615101070045e-08	6.85185177743873e-08	-1.1047	-2.332	0.0154410669501085	0.0190522842206984	3	TRUE	TRUE
MPIPi019-A_EB_1	MPIPi019-A	EB	B03	FALSE	3.7329	8.923	1.59673602214893e-08	2.87412483986808e-08	4.6603	12.907	3.74702957311353e-11	9.71687329976898e-11	3.1551	12.267	8.93061697019995e-11	2.43997213650106e-10	-3.3438	-7.149	4.27052129986132e-07	9.04182341915022e-07	3	TRUE	TRUE
MPIPi011-A_EB_1	MPIPi011-A	EB	B03	FALSE	3.748	8.962	1.49138955479068e-08	2.71645954622588e-08	1.5627	3.784	0.000627606967514037	0.000762094174838473	1.7792	6.505	1.56248325680026e-06	2.19321044303156e-06	-4.0314	-8.628	2.67776784974656e-08	6.60804001631007e-08	3	TRUE	TRUE
MPIPi004-A_EB_1	MPIPi004-A	EB	B03	FALSE	5.4954	13.53	1.66357551998278e-11	7.48539357061312e-11	4.5712	12.645	5.32618301539017e-11	1.35817666892449e-10	2.3908	9.066	1.24579484778415e-08	2.32447087452409e-08	-5.0948	-10.916	6.29751763492238e-10	2.43271640901449e-09	3	TRUE	TRUE
MPIPi007-A_EB_1	MPIPi007-A	EB	B03	FALSE	5.4869	13.508	1.71199422908195e-11	7.48539357061312e-11	2.4736	6.467	1.6905890927476e-06	2.69437636656649e-06	2.3301	8.812	1.93620998218386e-08	3.44465264272246e-08	-5.4478	-11.676	2.05521006941942e-10	1.08430048490059e-09	3	TRUE	TRUE
MPIPi020-A_EB_1	MPIPi020-A	EB	B03	FALSE	1.1133	2.074	0.0259432798916407	0.0283522987387216	3.8629	10.559	1.08854647008411e-09	2.19141592003776e-09	1.1671	3.942	0.000437557088846112	0.00051497103533427	-0.3871	-0.788	0.220261079678405	0.240713894219972	3	TRUE	FALSE
PSYLMUi042-A_EB_1	PSYLMUi042-A	EB	B03	FALSE	5.3812	13.232	2.4457307587738e-11	1.01134271916863e-10	6.6297	18.708	5.34336391476593e-14	3.94327399491217e-13	4.465	17.752	1.37492210579677e-13	9.87025655901268e-13	-5.8543	-12.55	6.05370846582768e-11	4.21007906941652e-10	3	TRUE	TRUE
MPIPi002-A_EB_1	MPIPi002-A	EB	B03	FALSE	6.1714	15.298	1.94707174070131e-12	2.01692084271288e-11	5.9979	16.847	3.51104995380679e-13	1.45186660252011e-12	3.3742	13.184	2.6018184652536e-11	8.12404541191429e-11	-6.2738	-13.453	1.83786300585036e-11	1.87462026596737e-10	3	TRUE	TRUE
ISFi001-A_EB_1	ISFi001-A	EB	B03	FALSE	5.1061	12.513	6.37118935553869e-11	2.16620438088316e-10	5.5045	15.394	1.74339927135851e-12	6.0002973239765e-12	3.1555	12.268	8.9104017634905e-11	2.43997213650106e-10	-2.4144	-5.149	2.85001883383082e-05	4.63886044229911e-05	3	TRUE	TRUE
MPIPi055-A_EB_1	MPIPi055-A	EB	B03	FALSE	5.12	12.549	6.06523317868935e-11	2.10904699168061e-10	6.7523	19.069	3.78251825043819e-14	3.39546499795503e-13	4.2811	16.982	3.04424079812482e-13	1.76680486649736e-12	-5.1124	-10.954	5.94844311094586e-10	2.39503104203873e-09	3	TRUE	TRUE
MPIPi041-A_EB_1	MPIPi041-A	EB	B03	FALSE	5.3323	13.104	2.89038053565773e-11	1.10557055488908e-10	2.0626	5.256	2.2503600215011e-05	3.07415252937204e-05	1.9713	7.309	3.11823140246494e-07	4.86825923037894e-07	-4.3592	-9.334	7.89843264108142e-09	2.15796463229546e-08	3	TRUE	TRUE
MPIPi045-A_EB_1	MPIPi045-A	EB	B03	FALSE	3.774	9.03	1.3261196209521e-08	2.46499113474708e-08	2.5198	6.603	1.2779445780124e-06	2.05816337300944e-06	2.5143	9.583	5.19858261940085e-09	1.07484208211937e-08	-1.4544	-3.084	0.00305494904620226	0.00396107800058428	3	TRUE	TRUE
MPIPi046-A_EB_1	MPIPi046-A	EB	B03	FALSE	4.5198	10.98	5.72069660143732e-10	1.50908031037916e-09	4.2243	11.623	2.21617194276021e-10	4.95617396440777e-10	3.1381	12.195	9.85688799648561e-11	2.64579625168824e-10	-4.5767	-9.801	3.63173206834974e-09	1.08951962050492e-08	3	TRUE	TRUE
MPIPi048-A_EB_1	MPIPi048-A	EB	B03	FALSE	4.8321	11.796	1.72925095739599e-10	5.08798839387666e-10	4.2223	11.617	2.23513727806625e-10	4.95617396440777e-10	2.437	9.26	8.94873980142066e-09	1.73311036660425e-08	-3.9616	-8.478	3.50153349071476e-08	8.24207113968244e-08	3	TRUE	TRUE
PSYLMUi002-A_EB_1	PSYLMUi002-A	EB	B01	FALSE	4.5225	10.987	5.66027284811776e-10	1.50908031037916e-09	4.6889	12.991	3.35148769200567e-11	8.84099339442875e-11	3.6309	14.259	6.68521791476029e-12	2.62266241271365e-11	-2.2329	-4.759	6.82837687045358e-05	0.000103439768433604	3	TRUE	TRUE
PSYLMUi007-A_EB_1	PSYLMUi007-A	EB	B01	FALSE	6.8886	17.172	2.49339682023877e-13	1.32736237324156e-11	5.123	14.27	6.59816266148776e-12	1.94138247539928e-11	3.2809	12.793	4.36118540854315e-11	1.30835562256294e-10	-5.6468	-12.104	1.12000471585078e-10	7.14003006354872e-10	3	TRUE	TRUE
PSYLMUi009-A_EB_1	PSYLMUi009-A	EB	B01	FALSE	4.3831	10.622	9.86620379012826e-10	2.32235258444558e-09	7.2616	20.569	9.55887282465744e-15	1.62500838019176e-13	5.0573	20.232	1.29084931528367e-14	2.82142778912003e-13	-3.1306	-6.69	1.06944115582638e-06	2.02005551656094e-06	3	TRUE	TRUE
PSYLMUi010-A_EB_3	PSYLMUi010-A	EB	B01	FALSE	2.395	5.425	1.55225063072916e-05	2.04736505604795e-05	6.6252	18.694	5.4123368557618e-14	3.94327399491217e-13	4.814	19.213	3.29826726076326e-14	4.09122146061069e-13	-3.1886	-6.815	8.30992119328644e-07	1.60938980072509e-06	3	TRUE	TRUE
PSYLMUi011-A_EB_1	PSYLMUi011-A	EB	B01	FALSE	4.1432	9.995	2.6520868533826e-09	5.71506040235969e-09	2.0665	5.268	2.19359107822505e-05	3.05108577244029e-05	1.3811	4.838	5.71396972879299e-05	7.1658800697158e-05	-3.0162	-6.444	1.77125100074928e-06	3.1882518013487e-06	3	TRUE	TRUE
PSYLMUi012-A_EB_1	PSYLMUi012-A	EB	B01	FALSE	3.1352	7.36	2.82549412259773e-07	4.36667273492377e-07	2.2547	5.822	6.56318833575298e-06	9.74920209097287e-06	1.3089	4.536	0.000113008680255826	0.000136144315583791	-1.0337	-2.179	0.0210693737459498	0.0253827888435458	3	TRUE	TRUE
PSYLMUi018-A_EB_1	PSYLMUi018-A	EB	B01	FALSE	4.0895	9.855	3.32888309944265e-09	6.70156729229903e-09	1.2745	2.935	0.0042482533532332	0.00488708844394496	1.9587	7.257	3.4543682582968e-07	5.2851834351941e-07	-4.4576	-9.545	5.54026866223759e-09	1.56974278763398e-08	3	TRUE	TRUE
PSYLMUi019-A_EB_1	PSYLMUi019-A	EB	B01	FALSE	2.5436	5.813	6.68750170369829e-06	9.05475894394547e-06	6.2973	17.729	1.40755848142974e-13	7.97616472810187e-13	5.2425	21.008	6.50338363954407e-15	1.65836282808374e-13	-5.5239	-11.839	1.62596158864082e-10	8.88471868078734e-10	3	TRUE	TRUE
PSYLMUi023-A_EB_1	PSYLMUi023-A	EB	B01	FALSE	5.9496	14.717	3.84319986969533e-12	2.58455574758244e-11	4.5169	12.485	6.61654591972226e-11	1.61650084163855e-10	2.7154	10.425	1.33980857781565e-09	3.01456930008521e-09	-4.5898	-9.83	3.46792202513918e-09	1.06118413969259e-08	3	TRUE	TRUE
PSYLMUi017-A_EB_1	PSYLMUi017-A	EB	B01	FALSE	4.3113	10.435	1.32017355044041e-09	3.0604023214755e-09	6.0339	16.953	3.13907613291772e-13	1.33410735649003e-12	5.2477	21.029	6.38217644104246e-15	1.65836282808374e-13	-5.2082	-11.16	4.36762720710119e-10	1.96543224319553e-09	3	TRUE	TRUE
PSYLMUi025-A_EB_2	PSYLMUi025-A	EB	B01	FALSE	6.7353	16.772	3.80331977858637e-13	1.32736237324156e-11	6.1491	17.292	2.20154808241113e-13	1.02071774729971e-12	4.1496	16.431	5.48238464269338e-13	2.89243051838651e-12	-6.6821	-14.331	6.12254300843062e-12	7.80624233574904e-11	3	TRUE	TRUE
PSYLMUi027-A_EB_1	PSYLMUi027-A	EB	B01	FALSE	4.1166	9.926	2.96716450686894e-09	6.21885163768422e-09	3.2246	8.679	2.4487529858157e-08	4.40775537446827e-08	2.3983	9.098	1.18018823020659e-08	2.22924443483466e-08	-0.6858	-1.43	0.0844165096254232	0.0956720442421462	3	TRUE	FALSE
PSYLMUi024-A_EB_2	PSYLMUi024-A	EB	B01	FALSE	3.0071	7.025	5.45592999841537e-07	8.02651240151492e-07	0.7212	1.305	0.10366922441066	0.11249213712646	0.7893	2.36	0.0145619288492659	0.0160285979419977	-0.3292	-0.663	0.257573636126055	0.275585778512492	2	FALSE	FALSE
PSYLMUi031-A_EB_2	PSYLMUi031-A	EB	B01	FALSE	6.0145	14.887	3.14271271213178e-12	2.57822901410907e-11	6.0937	17.129	2.60960694230714e-13	1.17217054034259e-12	4.3927	17.449	1.87237728881072e-13	1.20191455209239e-12	-5.3454	-11.455	2.82717097262541e-10	1.35174112128652e-09	3	TRUE	TRUE
PSYLMUi034-A_EB_1	PSYLMUi034-A	EB	B01	FALSE	4.0014	9.625	4.85695630512623e-09	9.65083525564043e-09	5.5063	15.399	1.73258709244221e-12	6.0002973239765e-12	5.6076	22.537	1.79810302636035e-15	1.18296749223607e-13	-6.2156	-13.327	2.15976192464938e-11	1.97554816124501e-10	3	TRUE	TRUE
PSYLMUi035-A_EB_1	PSYLMUi035-A	EB	B01	FALSE	5.9461	14.708	3.88527988198667e-12	2.58455574758244e-11	3.8523	10.527	1.14270744450045e-09	2.27057453257882e-09	1.9641	7.279	3.30624698050559e-07	5.10965442441772e-07	-7.0083	-15.033	2.64827355179289e-12	4.50206503804791e-11	3	TRUE	TRUE
0401001ip3_EB_1	0401001ip3	EB	B01	FALSE	4.1713	10.069	2.35669021823645e-09	5.22570439695909e-09	1.8416	4.605	9.65810259695999e-05	0.000124175604818057	2.4508	9.317	8.11615135095377e-09	1.60447061436333e-08	-7.323	-15.71	1.21658676247996e-12	2.65911106656334e-11	3	TRUE	TRUE
0401029ip2_EB_2	0401029ip2	EB	B01	FALSE	3.9362	9.454	6.44932759697762e-09	1.24904699030073e-08	1.3226	3.077	0.00310427908228853	0.00365349768915496	1.8427	6.771	9.08035300824853e-07	1.31065472666229e-06	-3.0551	-6.528	1.49064543385483e-06	2.71510418309272e-06	3	TRUE	TRUE
PSYLMUi037-A_EB_1	PSYLMUi037-A	EB	B01	FALSE	5.0858	12.459	6.84992243214622e-11	2.2298683662093e-10	2.4025	6.257	2.61122248485728e-06	4.11873237302231e-06	1.6708	6.051	4.02846499980635e-06	5.50317093723547e-06	-1.9849	-4.225	0.000229034299717832	0.000330587243932342	3	TRUE	TRUE
PSYLMUi037-A_EB_2	PSYLMUi037-A	EB	B01	FALSE	6.614	16.454	5.34650297663531e-13	1.32736237324156e-11	6.5903	18.592	5.97988722930265e-14	4.15873975492411e-13	3.2633	12.72	4.81452557945492e-11	1.37493283911805e-10	-4.9543	-10.614	9.99499756844556e-10	3.55635959993528e-09	3	TRUE	TRUE
PSYLMUi039-A_EB_1	PSYLMUi039-A	EB	B01	FALSE	5.972	14.776	3.58397132745344e-12	2.58455574758244e-11	6.2605	17.62	1.57146805043569e-13	8.29084867988483e-13	4.0463	15.999	8.80963586636607e-13	4.29395884094321e-12	-4.3438	-9.3	8.35443708681182e-09	2.24250679698633e-08	3	TRUE	TRUE
PSYLMUi040-A_EB_1	PSYLMUi040-A	EB	B01	FALSE	3.3444	7.907	9.96460741200881e-08	1.62189886599718e-07	1.7575	4.358	0.000169375807793121	0.00021595415493623	1.9155	7.076	4.93379961390217e-07	7.40069942085325e-07	-7.4158	-15.91	9.72641258644819e-13	2.65911106656334e-11	3	TRUE	TRUE
PSYLMUi040-A_EB_2	PSYLMUi040-A	EB	B01	FALSE	5.4868	13.508	1.71234493445398e-11	7.48539357061312e-11	4.5176	12.487	6.59917366056489e-11	1.61650084163855e-10	3.2762	12.774	4.4770857216981e-11	1.31729637580732e-10	-4.9126	-10.524	1.14862055721886e-09	3.99406693760195e-09	3	TRUE	TRUE
PSYLMUi040-A_EB_3	PSYLMUi040-A	EB	B01	FALSE	5.0726	12.425	7.18307518970367e-11	2.28960521671805e-10	2.3364	6.063	3.93238992723116e-06	5.95698672144918e-06	2.3395	8.851	1.80848584327414e-08	3.33371486772221e-08	-3.1635	-6.761	9.2656976995291e-07	1.77206468503494e-06	3	TRUE	TRUE
PSYLMUi003-A_EB_1	PSYLMUi003-A	EB	B01	FALSE	3.5605	8.472	3.54134348991763e-08	6.02028393285996e-08	6.3045	17.75	1.37788119500197e-13	7.97616472810187e-13	4.927	19.686	2.1217926319864e-14	3.13841400513798e-13	-4.5283	-9.697	4.30749385589511e-09	1.26739723067683e-08	3	TRUE	TRUE
PSYLMUi014-A_EB_1	PSYLMUi014-A	EB	B01	FALSE	5.2008	12.76	4.55996908738151e-11	1.62250062876598e-10	4.8528	13.474	1.78758666639108e-11	4.88394214210419e-11	2.2137	8.325	4.61828684690314e-08	8.02952144972933e-08	-3.0658	-6.551	1.42164833448005e-06	2.62062885753552e-06	3	TRUE	TRUE
PSYLMUi015-A_EB_1	PSYLMUi015-A	EB	B01	FALSE	5.624	13.866	1.08713457846252e-11	5.54438635015884e-11	1.8949	4.762	6.77554715706914e-05	8.78524334772524e-05	1.9555	7.243	3.54732234158332e-07	5.373666517448e-07	-5.3314	-11.425	2.95497841459504e-10	1.37003544676679e-09	3	TRUE	TRUE
PSYLMUi016-A_EB_1	PSYLMUi016-A	EB	B01	FALSE	5.0474	12.359	7.86175506093467e-11	2.45364858050816e-10	1.6446	4.025	0.000361693305929499	0.000446282869413011	1.6838	6.106	3.59071609830182e-06	4.94936543279441e-06	-4.8584	-10.408	1.37741829629015e-09	4.6832222073865e-09	3	TRUE	TRUE
ISFi001-A_iPSC_3	ISFi001-A	iPSC	B04	TRUE	0.128	-0.517	0.694322977242955	NA	0.0958	-0.554	0.706641479469835	NA	0.2807	0.236	0.408060304533556	NA	0.784	1.95	0.966568128828465	NA	NA	FALSE	FALSE
ISFi001-A_iPSC_4	ISFi001-A	iPSC	B04	TRUE	0.1746	-0.39	0.649555573088548	NA	0.0681	-0.64	0.734735515343696	NA	0.276	0.216	0.415842451864007	NA	0.7495	1.85	0.959630006004789	NA	NA	FALSE	FALSE
MPIPi021-A_EB_1	MPIPi021-A	EB	B04	FALSE	0.6743	0.926	0.18290796552141	0.187818246475005	2.0377	5.183	2.64601214398386e-05	3.58265361088081e-05	1.3866	4.861	5.42526203965524e-05	6.86004208320043e-05	-0.7314	-1.528	0.0714437215548534	0.0815738014768102	2	FALSE	FALSE
MPIPi021-A_EB_2	MPIPi021-A	EB	B04	FALSE	2.44	5.543	1.20055171079188e-05	1.59725575435789e-05	3.1372	8.421	3.8778213227293e-08	6.81961680893774e-08	1.3673	4.78	6.50708720055733e-05	8.09418163971765e-05	-1.983	-4.221	0.000231238838467926	0.000330649927902735	3	TRUE	TRUE
MPIPi022-A_EB_1	MPIPi022-A	EB	B04	FALSE	0.7584	1.146	0.132955102081652	0.13744682850333	5.0239	13.978	9.4583617146165e-12	2.67986915247468e-11	2.1312	7.979	8.7129556383824e-08	1.43342173405646e-07	-2.0326	-4.328	0.000181305224192248	0.000266727877898211	2	FALSE	FALSE
MPIPi022-A_EB_2	MPIPi022-A	EB	B04	FALSE	0.619	0.782	0.221974552570342	0.226414043621749	5.222	14.561	4.63245094109886e-12	1.38973528232966e-11	2.5067	9.551	5.48294739313441e-09	1.11852126819942e-08	-1.6438	-3.492	0.00122098381532692	0.00166795110486624	2	FALSE	FALSE
MPIPi023-A_EB_1	MPIPi023-A	EB	B04	FALSE	3.4419	8.162	6.21685938571281e-08	1.03389074566746e-07	2.9952	8.003	8.33375160424557e-08	1.41673777272175e-07	2.8103	10.823	7.25593875458769e-10	1.73462285851862e-09	-3.2635	-6.976	6.01573181001059e-07	1.22720928924216e-06	3	TRUE	TRUE
MPIPi023-A_EB_2	MPIPi023-A	EB	B04	FALSE	2.7869	6.45	1.75148713514476e-06	2.48127344145507e-06	3.8964	10.657	9.34689590895588e-10	1.93253388387871e-09	2.5999	9.942	2.89103950856977e-09	6.22998654663626e-09	-1.6114	-3.422	0.00142975535837912	0.00193586344984076	3	TRUE	TRUE
MPIPi024-A_EB_1	MPIPi024-A	EB	B04	FALSE	1.4541	2.965	0.00397703616402533	0.00468066563919905	2.1431	5.493	1.33642219614537e-05	1.91095884121721e-05	1.1213	3.75	0.000677729012237229	0.000791546098261802	-2.4071	-5.134	2.95101292302522e-05	4.75268397076694e-05	3	TRUE	TRUE
MPIPi024-A_EB_2	MPIPi024-A	EB	B04	FALSE	1.0559	1.924	0.0347320902753118	0.0376880128519341	2.3529	6.111	3.54789378695419e-06	5.4831085798383e-06	1.0083	3.277	0.00198336965463582	0.00226459371014389	-1.2792	-2.707	0.00698888722244739	0.00889584146083453	3	TRUE	TRUE
MPIPi039-A_EB_1	MPIPi039-A	EB	B02	FALSE	1.6404	3.452	0.00133499091886354	0.00159573133270408	1.7384	4.301	0.000192635666556787	0.000241584073632692	1.3627	4.761	6.79171528625172e-05	8.34944090252707e-05	-2.6115	-5.573	1.12304671437008e-05	1.88819942086398e-05	3	TRUE	TRUE
MPIPi026-A_EB_3	MPIPi026-A	EB	B02	FALSE	2.6448	6.078	3.80608702120897e-06	5.24622805626102e-06	0.7405	1.362	0.0945379827719213	0.104059793986359	0.9726	3.127	0.00277253076086149	0.00311909710596918	-2.0123	-4.284	0.000200278192180064	0.000291833937176664	2	FALSE	FALSE
MPIPi027-A_EB_1	MPIPi027-A	EB	B02	FALSE	2.7175	6.268	2.5531832735438e-06	3.58382606286424e-06	0.7233	1.312	0.102641023822587	0.112171976034684	1.4073	4.948	4.46679205325068e-05	5.69515986789461e-05	-2.9584	-6.32	2.29229398918354e-06	3.98546568573956e-06	2	FALSE	FALSE
MPIPi028-A_EB_1	MPIPi028-A	EB	B02	FALSE	1.1842	2.26	0.0178944916122376	0.0196968145084341	0.485	0.61	0.274581829532739	0.29378335607349	0.5421	1.325	0.100515007270313	0.106797195224707	-0.1139	-0.2	0.421802945448402	0.439019392201398	1	FALSE	FALSE
MPIPi029-A_EB_1	MPIPi029-A	EB	B02	FALSE	2.3254	5.243	2.31689637242732e-05	3.02978756394342e-05	0.3602	0.242	0.405566997843899	0.422120752857935	0.8085	2.44	0.0123226004514919	0.0136620135440453	-1.263	-2.672	0.00753196292414502	0.00944582235569006	2	FALSE	FALSE
MPIPi030-A_EB_1	MPIPi030-A	EB	B02	FALSE	0.893	1.498	0.0752481736132597	0.0799511844640884	0.46	0.536	0.299059102248269	0.315558914786105	0.304	0.328	0.373369193827271	0.383392527889748	-0.6571	-1.369	0.0935478329114267	0.105241312025355	0	FALSE	FALSE
MPIPi031-A_EB_1	MPIPi031-A	EB	B02	FALSE	1.3667	2.737	0.00655552725846101	0.00759845204957981	0.376	0.289	0.387932629299287	0.406532138923225	0.713	2.04	0.0277316512393439	0.0299820013433339	-1.6907	-3.592	0.000970936357728056	0.00135048420665811	2	FALSE	FALSE
MPIPi025-A_EB_2	MPIPi025-A	EB	B02	FALSE	3.1173	7.313	3.09533572692588e-07	4.73586366219659e-07	3.8005	10.375	1.45021115440024e-09	2.84464495670817e-09	4.4575	17.721	1.41925257711294e-13	9.87025655901268e-13	-5.5881	-11.977	1.33723541469055e-10	7.5776673499131e-10	3	TRUE	TRUE
MPIPi032-A_EB_1	MPIPi032-A	EB	B02	FALSE	1.9643	4.299	0.000193695887573891	0.000242913695072175	1.1504	2.57	0.00938267785316631	0.0107130575487645	2.1888	8.22	5.58345638737335e-08	9.38756953041892e-08	-1.6977	-3.607	0.000938407788261172	0.00131721460187119	3	TRUE	TRUE
MPIPi033-A_EB_1	MPIPi033-A	EB	B02	FALSE	2.6986	6.219	2.83159960109844e-06	3.93849762698237e-06	1.7474	4.328	0.000181351681424986	0.000229312456677875	1.7838	6.524	1.50174841654497e-06	2.1274769234387e-06	-2.0537	-4.373	0.000163453783787549	0.000242800280771796	3	TRUE	TRUE
MPIPi034-A_EB_1	MPIPi034-A	EB	B02	FALSE	2.0725	4.582	0.000101856109189027	0.00012986653921601	1.2826	2.959	0.00403118469635042	0.00467250953440617	1.6263	5.865	5.98883969897102e-06	8.03765328019795e-06	-1.7581	-3.737	0.000697927003144373	0.000988729921121195	3	TRUE	TRUE
MPIPi035-A_EB_3	MPIPi035-A	EB	B02	FALSE	0.981	1.728	0.0500790688836789	0.0539584333746681	0.2164	-0.181	0.570993201862069	0.590283512735788	0.253	0.114	0.455177395621859	0.463574104797564	0.4058	0.918	0.814992185528262	0.82578678401208	0	FALSE	FALSE
MPIPi036-A_EB_1	MPIPi036-A	EB	B02	FALSE	1.3684	2.741	0.00649179813519976	0.00758202377622567	0.1359	-0.418	0.659836788974493	0.677550528275821	0.3329	0.449	0.329353271555666	0.340480071270385	-1.0609	-2.237	0.0187236252888226	0.0229177173535188	1	FALSE	FALSE
MPIPi037-A_EB_1	MPIPi037-A	EB	B02	FALSE	0.8132	1.29	0.106316954111043	0.111414342321846	2.1245	5.439	1.50674043849988e-05	2.13409985510778e-05	0.5707	1.445	0.0824399881887705	0.0882050223278453	-0.7496	-1.568	0.0667418954435395	0.0767782706982071	1	FALSE	FALSE
MPIPi038-A_EB_3	MPIPi038-A	EB	B02	FALSE	3.0876	7.236	3.60158593654676e-07	5.45586780486787e-07	0.9165	1.881	0.0377256677795417	0.0421315851844517	0.7405	2.155	0.0220785629373294	0.0241287152100814	-4.1628	-8.911	1.6297148211128e-08	4.08764537098785e-08	3	TRUE	TRUE
MPIPi039-A_EB_2	MPIPi039-A	EB	B02	FALSE	3.0794	7.214	3.75761275414797e-07	5.63641913122196e-07	1.6088	3.92	0.000460334657959065	0.000563449621341895	2.0533	7.653	1.60951477152704e-07	2.5387191757076e-07	-2.7254	-5.818	6.61390975819083e-06	1.12436465889244e-05	3	TRUE	TRUE
MPIPi041-A_EB_2	MPIPi041-A	EB	B02	FALSE	1.8378	3.968	0.000411851354349011	0.000512302904190233	0.4747	0.579	0.284551913578969	0.302336408177655	1.22	4.163	0.000263876922953645	0.000312970303968277	-2.2397	-4.773	6.60661203190894e-05	0.000101081164088207	2	FALSE	FALSE
MPIPi044-A_EB_2	MPIPi044-A	EB	B02	FALSE	3.1996	7.528	2.04183027941132e-07	3.18775543622379e-07	4.1875	11.515	2.59319378850993e-10	5.58814999495803e-10	2.3311	8.816	1.92240039095696e-08	3.44465264272246e-08	-1.0537	-2.222	0.0193154948715672	0.023454529486903	3	TRUE	TRUE
MPIPi045-A_EB_2	MPIPi045-A	EB	B02	FALSE	3.2187	7.578	1.85487553058408e-07	2.95620787686838e-07	1.4792	3.538	0.00109905742194341	0.00131371707466673	0.8986	2.818	0.00549713749553002	0.00613913895486199	-1.5712	-3.335	0.0017387354857068	0.00231327416794035	3	TRUE	TRUE
MPIPi046-A_EB_2	MPIPi046-A	EB	B02	FALSE	2.0246	4.457	0.000135268153460468	0.000171041549416956	0.6272	1.029	0.158287700296935	0.170549423559374	0.7126	2.039	0.0278264326193033	0.0299820013433339	-1.4079	-2.984	0.00381486861601955	0.00490483107773942	2	FALSE	FALSE
MPIPi047-A_EB_1	MPIPi047-A	EB	B02	FALSE	0.1572	-0.425	0.662338671609963	0.662338671609963	-0.0469	-0.957	0.824647946737009	0.824647946737009	0.4164	0.799	0.217202277648622	0.229185851587856	0.1047	0.27	0.605063547481099	0.621306864192001	0	FALSE	FALSE
MPIPi040-A_EB_2	MPIPi040-A	EB	B02	FALSE	4.2331	10.23	1.82143731594427e-09	4.15940163193243e-09	2.1231	5.434	1.52037179220097e-05	2.13409985510778e-05	1.3623	4.759	6.82143864585545e-05	8.34944090252707e-05	-2.0701	-4.409	0.000150906606561977	0.000226359909842965	3	TRUE	TRUE
MPIPi049-A_EB_2	MPIPi049-A	EB	B02	FALSE	3.3252	7.857	1.09508652156617e-07	1.76366566104868e-07	1.4354	3.409	0.00147174012332723	0.00174555223929509	0.981	3.163	0.00256307406307247	0.00290481727148213	-2.3594	-5.031	3.70934720197522e-05	5.85082599899184e-05	3	TRUE	TRUE
MPIPi051-A_EB_2	MPIPi051-A	EB	B02	FALSE	2.1841	4.874	5.27593320832549e-05	6.84082865147288e-05	2.182	5.608	1.04192789801294e-05	1.50391479618849e-05	1.7886	6.544	1.44064751956458e-06	2.05999131302225e-06	-1.226	-2.593	0.00893072362552229	0.0111089489000399	3	TRUE	TRUE
MPIPi001-A_EB_2	MPIPi001-A	EB	B02	FALSE	1.2942	2.547	0.00984070761723617	0.011152801966201	3.2523	8.76	2.12154581413035e-08	3.86424416145171e-08	1.4878	5.285	2.11234767917107e-05	2.76230081122371e-05	-1.5984	-3.394	0.00152365922712457	0.00204491106798298	3	TRUE	TRUE
PSYLMUi043-A_EB_1	PSYLMUi043-A	EB	B02	FALSE	0.2815	-0.1	0.539459294551829	0.543008368858091	-0.0068	-0.839	0.793969722707126	0.799193207724936	-0.2045	-1.802	0.956268458942018	0.956268458942018	-0.0199	0.002	0.500901812885306	0.517824171428728	0	FALSE	FALSE
MPIPi003-A_EB_1	MPIPi003-A	EB	B02	FALSE	2.5548	5.843	6.27970426987978e-06	8.57852458296077e-06	3.2725	8.82	1.91110085770035e-08	3.52287266539943e-08	2.536	9.674	4.47442055261194e-09	9.50814367430037e-09	-1.6613	-3.529	0.00112092338396096	0.00154505655627051	3	TRUE	TRUE
MPIPi011-A_EB_2	MPIPi011-A	EB	B02	FALSE	3.2157	7.571	1.88295278041788e-07	2.97001830313335e-07	1.3137	3.051	0.00328973101705438	0.00384220492831542	1.4427	5.096	3.20977698925902e-05	4.16182948607313e-05	-3.4317	-7.338	2.94939520117357e-07	6.35573895464164e-07	3	TRUE	TRUE
MPIPi012-A_EB_1	MPIPi012-A	EB	B02	FALSE	2.8558	6.63	1.21041624247918e-06	1.73078210373191e-06	6.4309	18.122	9.4833369816108e-14	6.04562732577689e-13	3.5885	14.081	8.31923760177206e-12	3.10449598310030e-11	-3.069	-6.558	1.40195958409527e-06	2.61585141910459e-06	3	TRUE	TRUE
MPIPi013-A_EB_2	MPIPi013-A	EB	B02	FALSE	1.2218	2.358	0.0146309668523197	0.0162212893362675	1.8996	4.776	6.56551547081084e-05	8.58567407721418e-05	2.1901	8.226	5.52709185403227e-08	9.38756953041892e-08	-0.9609	-2.022	0.0287277843715393	0.0343386797566056	3	TRUE	TRUE
MPIPi015-A_EB_2	MPIPi015-A	EB	B02	FALSE	0.8313	1.337	0.0985296355080502	0.103965753329184	0.1105	-0.493	0.686250201577303	0.695339608220711	0.2506	0.104	0.459023142862797	0.463574104797564	0.2091	0.495	0.686881523011705	0.700619153471939	0	FALSE	FALSE
PSYLMUi011-A_EB_2	PSYLMUi011-A	EB	B02	FALSE	4.3848	10.627	9.79717494314663e-10	2.32235258444558e-09	3.075	8.238	5.40774734232869e-08	9.40210617473057e-08	2.4067	9.133	1.11150399124996e-08	2.12575138326555e-08	-3.8283	-8.191	5.88990251455128e-08	1.32522806577404e-07	3	TRUE	TRUE
PSYLMUi024-A_EB_3	PSYLMUi024-A	EB	B02	FALSE	3.4881	8.283	4.98499911522854e-08	8.38137213879084e-08	1.7172	4.239	0.000221979038999594	0.000276120268023886	0.379	0.642	0.264291101608229	0.276962592781226	-5.9783	-12.817	4.22652684498957e-11	3.336348083542e-10	2	FALSE	FALSE
MPIPi042-A_EB_2	MPIPi042-A	EB	B09	FALSE	2.4883	5.669	9.13144875673602e-06	1.2255365436672e-05	4.751	13.174	2.63525031257609e-11	7.07356662849372e-11	2.4497	9.313	8.17965411244052e-09	1.60447061436333e-08	-0.3661	-0.743	0.233408563385535	0.251489508436527	3	TRUE	FALSE
MPIPi044-A_EB_3	MPIPi044-A	EB	B09	FALSE	5.279	12.965	3.4729447038516e-11	1.26514414211737e-10	4.3768	12.072	1.17057074485984e-10	2.71359581762963e-10	2.6312	10.073	2.34124818611174e-09	5.11729960678708e-09	-2.3329	-4.974	4.2123852318736e-05	6.57647898445572e-05	3	TRUE	TRUE
PSYLMUi044-A_EB_1	PSYLMUi044-A	EB	B09	FALSE	5.8567	14.475	5.14328332583449e-12	3.02662441866414e-11	5.5992	15.673	1.26904496381246e-12	4.73570437715381e-12	3.4845	13.646	1.43510016464427e-11	5.1062866323389e-11	-4.7851	-10.25	1.76565519226446e-09	5.74777115779707e-09	3	TRUE	TRUE
MPIPi006-A_EB_2	MPIPi006-A	EB	B09	FALSE	4.486	10.891	6.5381372934316e-10	1.66722500982506e-09	5.4831	15.33	1.87457632952375e-12	6.23500387863336e-12	4.9337	19.715	2.06706414776477e-14	3.13841400513798e-13	-6.3016	-13.513	1.70176694336574e-11	1.85978815953542e-10	3	TRUE	TRUE
MPIPi009-A_EB_1	MPIPi009-A	EB	B09	FALSE	1.8161	3.911	0.000469066154536609	0.000578767110033075	7.6503	21.714	3.55489998942321e-15	1.5366496973016e-13	5.5334	22.226	2.31954410242367e-15	1.18296749223607e-13	-4.3314	-9.274	8.74065285587169e-09	2.30572394301443e-08	3	TRUE	TRUE
MPIPi014-A_EB_1	MPIPi014-A	EB	B09	FALSE	4.1107	9.91	3.04238240205599e-09	6.25358897037316e-09	4.4623	12.324	8.24984510046957e-11	1.94188661595668e-10	2.7438	10.544	1.11286342083463e-09	2.5413149759358e-09	-0.9476	-1.994	0.0303733617015632	0.0360242196925517	3	TRUE	TRUE
MPIPi016-A_EB_1	MPIPi016-A	EB	B09	FALSE	0.7914	1.233	0.116383181182958	0.121133515108793	1.0756	2.349	0.0148838745518082	0.0167443588707842	0.2497	0.1	0.460544208687776	0.463574104797564	0.628	1.396	0.910623147106889	0.916614088864171	1	FALSE	FALSE
MPIPi024-A_EB_3	MPIPi024-A	EB	B09	FALSE	1.6702	3.53	0.00111874957969883	0.00134778492672379	7.3817	20.922	7.00449657030288e-15	1.5366496973016e-13	4.8007	19.158	3.47620124104176e-14	4.09122146061069e-13	-2.4287	-5.18	2.6620483917479e-05	4.42710221671119e-05	3	TRUE	TRUE
MPIPi016-A_EB_2	MPIPi016-A	EB	B10	FALSE	0.5154	0.511	0.307592147125648	0.311666215299498	0.1268	-0.445	0.669450473036816	0.682839482497552	0.3342	0.454	0.327376635234435	0.340480071270385	1.1324	2.481	0.988693093666287	0.988693093666287	0	FALSE	FALSE
PSYLMUi043-A_EB_2	PSYLMUi043-A	EB	B10	FALSE	3.6422	8.685	2.42055756121904e-08	4.20846939621038e-08	3.0313	8.109	6.8461725237691e-08	1.17692628779401e-07	2.1215	7.938	9.39580442615796e-08	1.52931710340656e-07	-0.7663	-1.603	0.062660347765232	0.0726290394551552	3	TRUE	FALSE
MPIPi024-A_EB_4	MPIPi024-A	EB	B10	FALSE	4.3992	10.664	9.24477820228079e-10	2.24516042055391e-09	2.9609	7.902	1.00600632262582e-07	1.6914172237555e-07	2.1712	8.147	6.38964523557563e-08	1.06262578374247e-07	-2.26	-4.817	5.98717144032339e-05	9.25290131686342e-05	3	TRUE	TRUE
MPIPi047-A_EB_2	MPIPi047-A	EB	B10	FALSE	2.9119	6.776	8.98504738400534e-07	1.29689834882341e-06	4.5115	12.469	6.76183358593903e-11	1.61650084163855e-10	4.636	18.468	6.74431384337869e-14	6.06988245904082e-13	-1.4904	-3.161	0.00256976470447598	0.00336046153662243	3	TRUE	TRUE
