sample	cell_line	condition	is_reference	Ectoderm_score	Ectoderm_t	Ectoderm_p	Mesoderm_score	Mesoderm_t	Mesoderm_p	Endoderm_score	Endoderm_t	Endoderm_p	Pluri_score	Pluri_t	Pluri_p
0401029ip2_EB_1	0401029ip2	EB	FALSE	2.912	6.776	8.98250527932629e-07	4.9373	19.73	2.03879435471509e-14	7.3285	20.766	8.03476965909335e-15	-5.0481	-10.816	7.33487084364777e-10
PSYLMUi001-A_EB_1	PSYLMUi001-A	EB	FALSE	5.0419	12.345	8.01845941342535e-11	4.3911	17.442	1.88535616014493e-13	6.9041	19.516	2.48475372533625e-14	-4.1655	-8.917	1.61321296746481e-08
PSYLMUi036-A_EB_1	PSYLMUi036-A	EB	FALSE	5.3371	13.116	2.84354154310026e-11	4.6858	18.677	5.50666029518775e-14	6.1949	17.427	1.91525665306917e-13	-7.8799	-16.908	3.29100904512469e-13
PSYLMUi038-A_EB_1	PSYLMUi038-A	EB	FALSE	5.7818	14.279	6.52517495045204e-12	4.0422	15.981	8.98082894837796e-13	6.7167	18.964	4.17926230906006e-14	-7.8957	-16.942	3.17463404554291e-13
PSYLMUi005-A_EB_1	PSYLMUi005-A	EB	FALSE	5.6114	13.833	1.13316464537478e-11	3.2619	12.714	4.85270413806371e-11	3.7369	10.187	1.94967918532381e-09	-4.3122	-9.232	9.37469470745608e-09
PSYLMUi006-A_EB_1	PSYLMUi006-A	EB	FALSE	6.8847	17.162	2.5202570389005e-13	3.1221	12.128	1.08208012350739e-10	5.3207	14.852	3.27454532566805e-12	-5.8967	-12.641	5.35081700719025e-11
PSYLMUi008-A_EB_2	PSYLMUi008-A	EB	FALSE	6.5691	16.337	6.07289974685682e-13	4.2757	16.959	3.11789094087769e-13	7.0146	19.841	1.84055191270687e-14	-7.222	-15.493	1.55672627950896e-12
PSYLMUi010-A_EB_1	PSYLMUi010-A	EB	FALSE	6.4033	15.904	9.7927811694431e-13	4.4958	17.881	1.20723962249665e-13	6.2013	17.446	1.87896101601284e-13	-5.6711	-12.156	1.04121429229084e-10
PSYLMUi013-A_EB_1	PSYLMUi013-A	EB	FALSE	6.6828	16.634	4.40463402004725e-13	2.1932	8.239	5.40122022496885e-08	4.2657	11.745	1.86035448377725e-10	-4.7076	-10.083	2.30322700119821e-09
PSYLMUi020-A_EB_1	PSYLMUi020-A	EB	FALSE	6.1663	15.284	1.97737337520871e-12	3.5972	14.118	7.94982581400532e-12	5.5009	15.383	1.76479333058132e-12	-4.3996	-9.42	6.82409680749386e-09
PSYLMUi021-A_EB_1	PSYLMUi021-A	EB	FALSE	3.4369	8.149	6.36857212036774e-08	5.3944	21.644	3.77077418226113e-15	7.5571	21.439	4.48628406783338e-15	-4.468	-9.568	5.33770541505869e-09
PSYLMUi022-A_EB_1	PSYLMUi022-A	EB	FALSE	4.449	10.795	7.57282299922122e-10	1.7112	6.22	2.82107170386327e-06	1.9349	4.88	5.19884556039716e-05	-6.1012	-13.081	2.97722163531498e-11
PSYLMUi024-A_EB_1	PSYLMUi024-A	EB	FALSE	5.7905	14.302	6.34612784024817e-12	2.5283	9.642	4.71952271509392e-09	2.7977	7.421	2.50911646697213e-07	-5.1407	-11.015	5.42761192249236e-10
PSYLMUi026-A_EB_1	PSYLMUi026-A	EB	FALSE	3.6798	8.784	2.0354603531834e-08	5.5952	22.485	1.87577389306672e-15	7.3296	20.769	8.01156015039778e-15	-6.2098	-13.315	2.19505351249445e-11
PSYLMUi029-A_EB_1	PSYLMUi029-A	EB	FALSE	6.4615	16.056	8.26876579168336e-13	2.7685	10.648	9.48435893280388e-10	4.2176	11.603	2.28023345570224e-10	-6.3679	-13.655	1.41915522539732e-11
PSYLMUi030-A_EB_1	PSYLMUi030-A	EB	FALSE	5.2858	12.982	3.39247740705052e-11	2.3334	8.826	1.88985421221955e-08	2.2457	5.796	6.94785854405784e-06	-3.8775	-8.297	4.8555154360476e-08
PSYLMUi031-A_EB_1	PSYLMUi031-A	EB	FALSE	6.2869	15.599	1.37893090403359e-12	4.0265	15.916	9.66046655043731e-13	6.0848	17.103	2.68143587660069e-13	-6.8628	-14.72	3.83257517119896e-12
PSYLMUi032-A_EB_1	PSYLMUi032-A	EB	FALSE	4.1297	9.96	2.80690547506147e-09	2.9219	11.29	3.60091205255047e-10	2.035	5.175	2.69276199628243e-05	-4.0232	-8.611	2.76350848228311e-08
PSYLMUi033-A_EB_1	PSYLMUi033-A	EB	FALSE	6.085	15.071	2.53112822281685e-12	3.0697	11.909	1.47304424465833e-10	5.3913	15.06	2.56494578652297e-12	-3.5369	-7.564	1.90500057731272e-07
ISFi001-A_iPSC_1	ISFi001-A	iPSC	TRUE	-0.2229	-1.545	0.930163508063406	-0.1815	-1.914	0.964192113036135	0.0266	-0.77	0.774370789584889	0.0025	0.052	0.520281483677295
MPIPi034-A_iPSC_1	MPIPi034-A	iPSC	TRUE	1.1015	2.403	0.0136337429407499	0.0804	-0.63	0.731608271800128	0.4267	0.451	0.328787948135108	0.0806	0.224	0.587330271456559
MPIPi008-A_iPSC_1	MPIPi008-A	iPSC	TRUE	0.0486	-0.737	0.764605811427903	-0.1214	-1.588	0.935198429321813	-0.0835	-1.127	0.862751051092733	-0.6125	-1.368	0.0940370930495305
nonCohort_iPSC1_iPSC_1	nonCohort_iPSC1	iPSC	TRUE	0.0433	-0.751	0.768950172439361	0.3732	0.639	0.265438969177007	0.1448	-0.403	0.654165201845696	-0.8	-1.875	0.0385378412642216
nonCohort_iPSC2_iPSC_1	nonCohort_iPSC2	iPSC	TRUE	-0.2031	-1.482	0.922188209056207	0.3261	0.432	0.33528019060758	0.1266	-0.459	0.674030272208695	0.1894	0.466	0.676557602582299
MPIPi056-A_iPSC_1	MPIPi056-A	iPSC	TRUE	0.8309	1.444	0.0829558365359751	0.2887	0.27	0.394960165131207	0.4094	0.398	0.347701074352275	-0.9607	-2.37	0.0145871267015382
MPIPi010-A_iPSC_1	MPIPi010-A	iPSC	TRUE	0.5918	0.738	0.234893919815773	-0.0369	-1.167	0.870833462880639	0.2537	-0.073	0.52872161997178	-0.2433	-0.493	0.314052868587244
MPIPi056-A_iPSC_2	MPIPi056-A	iPSC	TRUE	0.0852	-0.635	0.733220734726843	0.1134	-0.485	0.683134765060452	-0.0258	-0.938	0.819599571471955	0.2087	0.509	0.691602957264119
MPIPi056-A_EB_2	MPIPi056-A	EB	FALSE	6.5019	16.161	7.36129600896386e-13	3.643	14.31	6.28294147392641e-12	5.9355	16.663	4.2715669756417e-13	-5.5919	-11.985	1.32217021827674e-10
ISFi001-A_iPSC_2	ISFi001-A	iPSC	TRUE	-0.2049	-1.488	0.922933863267539	0.0777	-0.642	0.735372738177954	0.0339	-0.747	0.767648201112977	-0.3277	-0.684	0.251344724372247
MPIPi018-A_EB_1	MPIPi018-A	EB	FALSE	5.678	14.008	9.11557565245769e-12	3.7705	14.844	3.30764568860902e-12	6.7366	19.022	3.9521036070954e-14	-5.1817	-11.103	4.75477342147669e-10
MPIPi018-A_iPSC_1	MPIPi018-A	iPSC	TRUE	0.1203	-0.538	0.701500666665553	0.0217	-0.894	0.808343186624951	0.0609	-0.662	0.741875063727646	0.0833	0.23	0.589594719862976
MPIPi021-A_iPSC_1	MPIPi021-A	iPSC	TRUE	0.2829	-0.099	0.538827416815463	0.1051	-0.521	0.695564068325756	-0.1152	-1.234	0.88348582548776	0.2355	0.57	0.712058690279905
MPIPi023-A_iPSC_1	MPIPi023-A	iPSC	TRUE	0.031	-0.786	0.778907759936215	0.1143	-0.48	0.681639136310287	-0.0403	-0.985	0.831118200742978	0.178	0.44	0.66753934669064
MPIPi038-A_iPSC_1	MPIPi038-A	iPSC	TRUE	0.5495	0.621	0.271264845832366	0.7734	2.817	0.00571014595889598	1.0895	2.993	0.00390010670473616	0.1118	0.293	0.613529945759938
MPIPi038-A_EB_2	MPIPi038-A	EB	FALSE	4.6939	11.435	2.91294200742199e-10	3.9128	15.44	1.65375820385551e-12	6.2761	17.666	1.49991765523364e-13	-3.3414	-7.144	4.31407261175141e-07
MPIPi026-A_EB_2	MPIPi026-A	EB	FALSE	5.3505	13.151	2.71540946499773e-11	3.9266	15.497	1.54847909599451e-12	5.7167	16.019	8.61659639510442e-13	-3.8327	-8.201	5.7866017337543e-08
MPIPi025-A_iPSC_1	MPIPi025-A	iPSC	TRUE	0.5936	0.743	0.233417241625788	0.5712	1.579	0.0658373180103878	0.665	1.213	0.120364841242857	-0.0166	0.009	0.503730788085615
MPIPi035-A_cl6_iPSC_1	MPIPi035-A	iPSC	TRUE	0.6346	0.859	0.200820193632703	0.3482	0.529	0.301694675005799	0.5322	0.779	0.223005640373566	0.0659	0.191	0.574859594220545
MPIPi010-A_EB_2	MPIPi010-A	EB	FALSE	4.5119	10.959	5.90139686151533e-10	3.7123	14.6	4.42379686179411e-12	6.8982	19.498	2.52541699689873e-14	-3.4386	-7.353	2.86460905853e-07
MPIPi008-A_EB_2	MPIPi008-A	EB	FALSE	4.1089	9.906	3.06548478939861e-09	4.5853	18.256	8.30688409383023e-14	7.4549	21.138	5.80856348485419e-15	-5.3724	-11.513	2.59836188232063e-10
MPIPi005-A_EB_1	MPIPi005-A	EB	FALSE	3.7091	8.86	1.78022436107826e-08	2.0798	7.764	1.30428391892583e-07	5.3586	14.964	2.87095016375229e-12	-3.214	-6.87	7.44279334016786e-07
PSYLMUi046-A_EB_1	PSYLMUi046-A	EB	FALSE	4.7649	11.62	2.22513154277437e-10	1.9111	7.057	5.11799800260865e-07	5.3307	14.882	3.16274040033957e-12	-3.246	-6.938	6.48477691741361e-07
PSYLMUi045-A_EB_1	PSYLMUi045-A	EB	FALSE	3.7721	9.025	1.33721741296737e-08	2.0574	7.67	1.55781816209264e-07	3.778	10.309	1.60935777745616e-09	-2.3686	-5.051	3.54967541142067e-05
MPIPi049-A_EB_1	MPIPi049-A	EB	FALSE	4.1465	10.004	2.61511153489002e-09	3.4087	13.329	2.15635910861623e-11	4.514	12.476	6.69301339504963e-11	-2.7616	-5.896	5.59892055481353e-06
MPIPi050-A_EB_1	MPIPi050-A	EB	FALSE	6.0084	14.871	3.20172230510276e-12	3.4725	13.596	1.5305236806683e-11	6.8206	19.27	3.12753542892699e-14	-4.6548	-9.97	2.7641347174102e-09
MPIPi043-A_EB_1	MPIPi043-A	EB	FALSE	5.8831	14.544	4.73298215404096e-12	4.7501	18.946	4.25113049580254e-14	7.4944	21.254	5.2552005589572e-15	-6.7701	-14.521	4.8667119262311e-12
MPIPi044-A_EB_1	MPIPi044-A	EB	FALSE	5.4119	13.312	2.20339161206604e-11	2.9101	11.241	3.87398893239012e-10	3.8771	10.6	1.0204346570277e-09	-2.4244	-5.171	2.71728051552494e-05
MPIPi051-A_EB_1	MPIPi051-A	EB	FALSE	2.0868	4.619	9.35958919141629e-05	3.0826	11.963	1.36459557737119e-10	5.7765	16.195	7.09575030185861e-13	-1.2777	-2.704	0.00703527331216326
PSYLMUi041-A_EB_1	PSYLMUi041-A	EB	FALSE	5.525	13.608	1.50744669366047e-11	4.7416	18.91	4.39765738906789e-14	7.6893	21.828	3.22807559567858e-15	-4.8092	-10.302	1.62688952815018e-09
MPIPi020-A_iPSC_1	MPIPi020-A	iPSC	TRUE	0.6304	0.847	0.204014980580725	0.4704	1.082	0.146790917049723	0.5352	0.788	0.220356794610548	0.4866	1.158	0.869043706426928
MPIPi013-A_iPSC_1	MPIPi013-A	iPSC	TRUE	0.5905	0.735	0.235981803481254	0.3276	0.439	0.333048973284677	0.5768	0.922	0.184454821699312	-0.285	-0.587	0.282306063527946
MPIPi017-A_iPSC_1	MPIPi017-A	iPSC	TRUE	0.5919	0.739	0.23481588556321	0.3066	0.347	0.366130562351661	0.7789	1.616	0.0617898000682368	-0.349	-0.733	0.236513213390573
MPIPi017-A_EB_1	MPIPi017-A	EB	FALSE	1.3357	2.656	0.00780661287329461	2.2362	8.419	3.89615101070045e-08	2.2679	5.861	6.03690554127404e-06	-1.1047	-2.332	0.0154410669501085
MPIPi019-A_EB_1	MPIPi019-A	EB	FALSE	3.7329	8.923	1.59673602214893e-08	3.1551	12.267	8.93061697019995e-11	4.6603	12.907	3.74702957311353e-11	-3.3438	-7.149	4.27052129986132e-07
MPIPi011-A_EB_1	MPIPi011-A	EB	FALSE	3.748	8.962	1.49138955479068e-08	1.7792	6.505	1.56248325680026e-06	1.5627	3.784	0.000627606967514037	-4.0314	-8.628	2.67776784974656e-08
MPIPi004-A_EB_1	MPIPi004-A	EB	FALSE	5.4954	13.53	1.66357551998278e-11	2.3908	9.066	1.24579484778415e-08	4.5712	12.645	5.32618301539017e-11	-5.0948	-10.916	6.29751763492238e-10
MPIPi007-A_EB_1	MPIPi007-A	EB	FALSE	5.4869	13.508	1.71199422908195e-11	2.3301	8.812	1.93620998218386e-08	2.4736	6.467	1.6905890927476e-06	-5.4478	-11.676	2.05521006941942e-10
PSYLMUi042-A_EB_1	PSYLMUi042-A	EB	FALSE	5.3812	13.232	2.4457307587738e-11	4.465	17.752	1.37492210579677e-13	6.6297	18.708	5.34336391476593e-14	-5.8543	-12.55	6.05370846582768e-11
MPIPi002-A_EB_1	MPIPi002-A	EB	FALSE	6.1714	15.298	1.94707174070131e-12	3.3742	13.184	2.6018184652536e-11	5.9979	16.847	3.51104995380679e-13	-6.2738	-13.453	1.83786300585036e-11
ISFi001-A_EB_1	ISFi001-A	EB	FALSE	5.1061	12.513	6.37118935553869e-11	3.1555	12.268	8.9104017634905e-11	5.5045	15.394	1.74339927135851e-12	-2.4144	-5.149	2.85001883383082e-05
MPIPi055-A_EB_1	MPIPi055-A	EB	FALSE	5.12	12.549	6.06523317868935e-11	4.2811	16.982	3.04424079812482e-13	6.7523	19.069	3.78251825043819e-14	-5.1124	-10.954	5.94844311094586e-10
MPIPi041-A_EB_1	MPIPi041-A	EB	FALSE	5.3323	13.104	2.89038053565773e-11	1.9713	7.309	3.11823140246494e-07	2.0626	5.256	2.2503600215011e-05	-4.3592	-9.334	7.89843264108142e-09
MPIPi045-A_EB_1	MPIPi045-A	EB	FALSE	3.774	9.03	1.3261196209521e-08	2.5143	9.583	5.19858261940085e-09	2.5198	6.603	1.2779445780124e-06	-1.4544	-3.084	0.00305494904620226
MPIPi046-A_EB_1	MPIPi046-A	EB	FALSE	4.5198	10.98	5.72069660143732e-10	3.1381	12.195	9.85688799648561e-11	4.2243	11.623	2.21617194276021e-10	-4.5767	-9.801	3.63173206834974e-09
MPIPi048-A_EB_1	MPIPi048-A	EB	FALSE	4.8321	11.796	1.72925095739599e-10	2.437	9.26	8.94873980142066e-09	4.2223	11.617	2.23513727806625e-10	-3.9616	-8.478	3.50153349071476e-08
PSYLMUi002-A_EB_1	PSYLMUi002-A	EB	FALSE	4.5225	10.987	5.66027284811776e-10	3.6309	14.259	6.68521791476029e-12	4.6889	12.991	3.35148769200567e-11	-2.2329	-4.759	6.82837687045358e-05
PSYLMUi007-A_EB_1	PSYLMUi007-A	EB	FALSE	6.8886	17.172	2.49339682023877e-13	3.2809	12.793	4.36118540854315e-11	5.123	14.27	6.59816266148776e-12	-5.6468	-12.104	1.12000471585078e-10
PSYLMUi009-A_EB_1	PSYLMUi009-A	EB	FALSE	4.3831	10.622	9.86620379012826e-10	5.0573	20.232	1.29084931528367e-14	7.2616	20.569	9.55887282465744e-15	-3.1306	-6.69	1.06944115582638e-06
PSYLMUi012-A_EB_1	PSYLMUi012-A	EB	FALSE	3.1352	7.36	2.82549412259773e-07	1.3089	4.536	0.000113008680255826	2.2547	5.822	6.56318833575298e-06	-1.0337	-2.179	0.0210693737459498
PSYLMUi018-A_EB_1	PSYLMUi018-A	EB	FALSE	4.0895	9.855	3.32888309944265e-09	1.9587	7.257	3.4543682582968e-07	1.2745	2.935	0.0042482533532332	-4.4576	-9.545	5.54026866223759e-09
PSYLMUi019-A_EB_1	PSYLMUi019-A	EB	FALSE	2.5436	5.813	6.68750170369829e-06	5.2425	21.008	6.50338363954407e-15	6.2973	17.729	1.40755848142974e-13	-5.5239	-11.839	1.62596158864082e-10
PSYLMUi023-A_EB_1	PSYLMUi023-A	EB	FALSE	5.9496	14.717	3.84319986969533e-12	2.7154	10.425	1.33980857781565e-09	4.5169	12.485	6.61654591972226e-11	-4.5898	-9.83	3.46792202513918e-09
PSYLMUi017-A_EB_1	PSYLMUi017-A	EB	FALSE	4.3113	10.435	1.32017355044041e-09	5.2477	21.029	6.38217644104246e-15	6.0339	16.953	3.13907613291772e-13	-5.2082	-11.16	4.36762720710119e-10
PSYLMUi025-A_EB_2	PSYLMUi025-A	EB	FALSE	6.7353	16.772	3.80331977858637e-13	4.1496	16.431	5.48238464269338e-13	6.1491	17.292	2.20154808241113e-13	-6.6821	-14.331	6.12254300843062e-12
PSYLMUi034-A_EB_1	PSYLMUi034-A	EB	FALSE	4.0014	9.625	4.85695630512623e-09	5.6076	22.537	1.79810302636035e-15	5.5063	15.399	1.73258709244221e-12	-6.2156	-13.327	2.15976192464938e-11
PSYLMUi035-A_EB_1	PSYLMUi035-A	EB	FALSE	5.9461	14.708	3.88527988198667e-12	1.9641	7.279	3.30624698050559e-07	3.8523	10.527	1.14270744450045e-09	-7.0083	-15.033	2.64827355179289e-12
0401001ip3_EB_1	0401001ip3	EB	FALSE	4.1713	10.069	2.35669021823645e-09	2.4508	9.317	8.11615135095377e-09	1.8416	4.605	9.65810259695999e-05	-7.323	-15.71	1.21658676247996e-12
PSYLMUi037-A_EB_2	PSYLMUi037-A	EB	FALSE	6.614	16.454	5.34650297663531e-13	3.2633	12.72	4.81452557945492e-11	6.5903	18.592	5.97988722930265e-14	-4.9543	-10.614	9.99499756844556e-10
PSYLMUi039-A_EB_1	PSYLMUi039-A	EB	FALSE	5.972	14.776	3.58397132745344e-12	4.0463	15.999	8.80963586636607e-13	6.2605	17.62	1.57146805043569e-13	-4.3438	-9.3	8.35443708681182e-09
PSYLMUi040-A_EB_2	PSYLMUi040-A	EB	FALSE	5.4868	13.508	1.71234493445398e-11	3.2762	12.774	4.4770857216981e-11	4.5176	12.487	6.59917366056489e-11	-4.9126	-10.524	1.14862055721886e-09
PSYLMUi003-A_EB_1	PSYLMUi003-A	EB	FALSE	3.5605	8.472	3.54134348991763e-08	4.927	19.686	2.1217926319864e-14	6.3045	17.75	1.37788119500197e-13	-4.5283	-9.697	4.30749385589511e-09
PSYLMUi014-A_EB_1	PSYLMUi014-A	EB	FALSE	5.2008	12.76	4.55996908738151e-11	2.2137	8.325	4.61828684690314e-08	4.8528	13.474	1.78758666639108e-11	-3.0658	-6.551	1.42164833448005e-06
PSYLMUi015-A_EB_1	PSYLMUi015-A	EB	FALSE	5.624	13.866	1.08713457846252e-11	1.9555	7.243	3.54732234158332e-07	1.8949	4.762	6.77554715706914e-05	-5.3314	-11.425	2.95497841459504e-10
PSYLMUi016-A_EB_1	PSYLMUi016-A	EB	FALSE	5.0474	12.359	7.86175506093467e-11	1.6838	6.106	3.59071609830182e-06	1.6446	4.025	0.000361693305929499	-4.8584	-10.408	1.37741829629015e-09
ISFi001-A_iPSC_3	ISFi001-A	iPSC	TRUE	0.128	-0.517	0.694322977242955	0.2807	0.236	0.408060304533556	0.0958	-0.554	0.706641479469835	0.784	1.95	0.966568128828465
ISFi001-A_iPSC_4	ISFi001-A	iPSC	TRUE	0.1746	-0.39	0.649555573088548	0.276	0.216	0.415842451864007	0.0681	-0.64	0.734735515343696	0.7495	1.85	0.959630006004789
MPIPi021-A_EB_2	MPIPi021-A	EB	FALSE	2.44	5.543	1.20055171079188e-05	1.3673	4.78	6.50708720055733e-05	3.1372	8.421	3.8778213227293e-08	-1.983	-4.221	0.000231238838467926
MPIPi023-A_EB_1	MPIPi023-A	EB	FALSE	3.4419	8.162	6.21685938571281e-08	2.8103	10.823	7.25593875458769e-10	2.9952	8.003	8.33375160424557e-08	-3.2635	-6.976	6.01573181001059e-07
MPIPi025-A_EB_2	MPIPi025-A	EB	FALSE	3.1173	7.313	3.09533572692588e-07	4.4575	17.721	1.41925257711294e-13	3.8005	10.375	1.45021115440024e-09	-5.5881	-11.977	1.33723541469055e-10
MPIPi032-A_EB_1	MPIPi032-A	EB	FALSE	1.9643	4.299	0.000193695887573891	2.1888	8.22	5.58345638737335e-08	1.1504	2.57	0.00938267785316631	-1.6977	-3.607	0.000938407788261172
MPIPi033-A_EB_1	MPIPi033-A	EB	FALSE	2.6986	6.219	2.83159960109844e-06	1.7838	6.524	1.50174841654497e-06	1.7474	4.328	0.000181351681424986	-2.0537	-4.373	0.000163453783787549
MPIPi034-A_EB_1	MPIPi034-A	EB	FALSE	2.0725	4.582	0.000101856109189027	1.6263	5.865	5.98883969897102e-06	1.2826	2.959	0.00403118469635042	-1.7581	-3.737	0.000697927003144373
MPIPi039-A_EB_2	MPIPi039-A	EB	FALSE	3.0794	7.214	3.75761275414797e-07	2.0533	7.653	1.60951477152704e-07	1.6088	3.92	0.000460334657959065	-2.7254	-5.818	6.61390975819083e-06
MPIPi040-A_EB_2	MPIPi040-A	EB	FALSE	4.2331	10.23	1.82143731594427e-09	1.3623	4.759	6.82143864585545e-05	2.1231	5.434	1.52037179220097e-05	-2.0701	-4.409	0.000150906606561977
MPIPi001-A_EB_2	MPIPi001-A	EB	FALSE	1.2942	2.547	0.00984070761723617	1.4878	5.285	2.11234767917107e-05	3.2523	8.76	2.12154581413035e-08	-1.5984	-3.394	0.00152365922712457
MPIPi003-A_EB_1	MPIPi003-A	EB	FALSE	2.5548	5.843	6.27970426987978e-06	2.536	9.674	4.47442055261194e-09	3.2725	8.82	1.91110085770035e-08	-1.6613	-3.529	0.00112092338396096
MPIPi012-A_EB_1	MPIPi012-A	EB	FALSE	2.8558	6.63	1.21041624247918e-06	3.5885	14.081	8.31923760177206e-12	6.4309	18.122	9.4833369816108e-14	-3.069	-6.558	1.40195958409527e-06
MPIPi013-A_EB_2	MPIPi013-A	EB	FALSE	1.2218	2.358	0.0146309668523197	2.1901	8.226	5.52709185403227e-08	1.8996	4.776	6.56551547081084e-05	-0.9609	-2.022	0.0287277843715393
PSYLMUi011-A_EB_2	PSYLMUi011-A	EB	FALSE	4.3848	10.627	9.79717494314663e-10	2.4067	9.133	1.11150399124996e-08	3.075	8.238	5.40774734232869e-08	-3.8283	-8.191	5.88990251455128e-08
PSYLMUi044-A_EB_1	PSYLMUi044-A	EB	FALSE	5.8567	14.475	5.14328332583449e-12	3.4845	13.646	1.43510016464427e-11	5.5992	15.673	1.26904496381246e-12	-4.7851	-10.25	1.76565519226446e-09
MPIPi006-A_EB_2	MPIPi006-A	EB	FALSE	4.486	10.891	6.5381372934316e-10	4.9337	19.715	2.06706414776477e-14	5.4831	15.33	1.87457632952375e-12	-6.3016	-13.513	1.70176694336574e-11
MPIPi009-A_EB_1	MPIPi009-A	EB	FALSE	1.8161	3.911	0.000469066154536609	5.5334	22.226	2.31954410242367e-15	7.6503	21.714	3.55489998942321e-15	-4.3314	-9.274	8.74065285587169e-09
MPIPi014-A_EB_1	MPIPi014-A	EB	FALSE	4.1107	9.91	3.04238240205599e-09	2.7438	10.544	1.11286342083463e-09	4.4623	12.324	8.24984510046957e-11	-0.9476	-1.994	0.0303733617015632
MPIPi024-A_EB_4	MPIPi024-A	EB	FALSE	4.3992	10.664	9.24477820228079e-10	2.1712	8.147	6.38964523557563e-08	2.9609	7.902	1.00600632262582e-07	-2.26	-4.817	5.98717144032339e-05
MPIPi047-A_EB_2	MPIPi047-A	EB	FALSE	2.9119	6.776	8.98504738400534e-07	4.636	18.468	6.74431384337869e-14	4.5115	12.469	6.76183358593903e-11	-1.4904	-3.161	0.00256976470447598
