Pearson
0.105971434515658
0.0236822751799545
-0.0758474978083749
0.298905457231505
0.00963451393413319
0.00378602120818353
-0.14460647510586
0.125136728190721
-0.0246615431210756
-0.0859994297967974
0.103667198461105
0.0432441544040319
0.0186332404441869
0.0423950992497453
-0.0512014378466573
-0.0970745673646493
-0.133322868439867
-0.0583359554541357
0.202111787152908
-0.170923523772682
0.0267209715593906
-0.368219155819089
-0.0337802731032525
0.0680527385910261
0.091355434028291
0.0471049917165723
0.0635399735890346
0.0388595716141894
0.12044307195771
0.155850501083719
-0.0428118702700065
-0.140607602947622
0.0803663109700474
-0.163681887081544
0.0644569086750673
-0.0240734590869454
-0.15799010004438
-0.00212322382352069
-0.0894499578986915
-0.130706967775138
-0.238280787401329
0.223277352094211
0.0159668232077807
0.118507656003677
0.1035584030136
0.0312340740293329
-0.0574493618107669
-0.0188803748536836
0.0650016806870306
-0.0344274937666776
0.0959476746925475
-0.24971521493158
-0.107861431056227
-0.105886994592429
0.108541189209338
0.348742236444401
-0.1447024763302
0.0949497559932356
0.035720816860999
-0.0111835126402384
-0.183676148875328
-0.0324473477326649
-0.100704398994415
-0.033184234498375
0.149871291784749
-0.0190850521148329
-0.109430457983325
0.0993687534474436
-0.0348219996449765
0.0491262115286167
0.152707190305198
0.112252832821757
0.173062363518394
-0.00158849755030371
-0.0149423227327378
-0.225759235713797
-0.0742552337208242
0.0230018367555334
0.300272118141111
-0.0125918653787634
-0.0128866355794086
-0.0269540161273057
0.0359139359294204
-0.155665197946178
-0.0971405931124132
0.160159169028856
0.0309047861789978
0.154082048688677
-0.0185703967056859
0.129932315598804
-0.0603084761006513
0.159896184790272
-0.00975844444785853
0.0916466458277706
0.0383294604755003
0.0824133877039521
0.128076605965122
-0.0833428687099566
-0.119788430405442
-0.0759390985549316
0.0761901740798893
-0.0681250166952348
0.159119409224549
-0.216073600320556
-0.0106624146222505
-0.00296014531262843
-0.00375772860332705
-0.054100162013066
-0.0743094053857269
0.0286131484334628
0.0952999684137174
0.204084817165205
-0.230108426129495
0.185024270125972
-0.281342908711074
-0.149636292904322
-0.0571474661650423
-0.0715106811905241
0.0773227730924087
0.218614512129453
-0.223562327376531
-0.208345048838497
0.105129548054601
-0.194914772760526
0.00664919204393639
0.289747920229287
-0.0691799190705926
-0.0783985931949149
0.114154292915099
-0.0180854447640857
0.0585141125468332
0.0621034593110485
0.0391239865679287
-0.0307221908706239
0.123331567306631
-0.0277807899954113
0.0130166663795518
-0.0153744032817223
0.0615737599417188
-0.225927439983822
-0.000683723830704979
-0.0692553462953079
0.173987433737432
0.0206138215774435
-0.116374604388121
-0.126660683680372
0.0536693361989597
-0.042901962163709
0.145593793826928
0.218962289201303
0.07787078938803
-0.0322250468191594
-0.0885882943263599
0.0393677195010768
-0.0577905357029148
0.0700796520821499
-0.10856385744409
-0.14250551354486
-0.010751224676513
0.0735085896791316
-0.0603208965393702
0.000395952444408835
-0.124546648488765
0.06150445922517
-0.097639067013411
-0.0487162179740044
-0.0314121294294019
0.0851756153829147
0.104555973517925
0.0178186111386079
-0.0116003935260399
-0.133502920859124
0.000635691007095151
0.0111010196008117
-0.242867101340533
0.0288398553162591
0.00445499831180165
0.102070381019544
-0.0209270916622964
0.0325576625245571
-0.0180357959707058
0.0111473435826195
0.219791305104534
0.0665197053882072
-0.0996737458027867
0.0367940648183104
0.0137911419776029
-0.0461359776187799
0.0907212077068121
0.153858731311331
0.0414757892889904
-0.0108914702589764
0.208730302654981
0.166249953143861
-0.10249729031242
-0.00818421868645518
0.0292971779225175
0.250039448239633
-0.0127090182831731
-0.0975026847566131
-0.00942991590866606
0.28028914878678
-0.174929707493076
-0.0654863621032738
-0.0405803688060231
-0.123151358567327
-0.209655396921497
-0.117839999292902
0.131596390048449
0.263055702173107
-0.0292585743295402
-0.100281297346366
0.0841097787549683
0.0386674543579372
0.117873264354838
-0.0325675791591336
-0.117806698870502
-0.120517443593061
0.0110831882477218
0.11560575709053
-0.0578399342690173
0.324280819559013
-0.0684552553037641
-0.207179725364669
0.0103563614453314
0.139064012402425
-0.188727628603632
0.0887283894681939
-0.149564189012422
-0.0587293440782793
-0.0542582200533733
0.140487248568836
-0.0631382097968977
0.243391241673982
-0.0846601160674744
-0.088811227077094
0.0251622127647808
0.036545753480412
-0.0606534471692583
-0.0837808809263343
0.0472737991341933
0.0171991165285745
0.0552441684804699
0.217316355677142
0.0209578958038807
0.0214852046426965
0.0379250765864553
0.00777098191488008
-0.0974324622294332
0.00891357126849366
-0.129232119562053
-0.144869177804967
0.18728871882476
0.227860725456525
0.191847925898286
-0.14967534729794
0.100467864119144
0.137985015970378
0.12135387648756
-0.158920277176083
-0.161894259669021
0.0406976179199678
0.081878150714023
-0.172985442623354
0.0823227392491125
0.0366645449953163
0.00728310936583167
-0.121405228797814
-0.0336491380719527
-0.202300427435239
0.154996402988463
0.120162550766005
0.0210696607546074
0.0106285937186435
0.0585043579014696
-0.185560697758242
0.0592206101963431
-0.0148304589510772
-0.00343536763511863
-0.00901439256102506
-0.0559544577612167
0.0887587619669559
0.0875975451711441
-0.179311963867271
-0.113055130429787
-0.0310691521734057
0.0368641779980661
-0.00678440990347939
0.00661805712504213
0.0880801709595002
-0.0745346293869098
-0.197854668407505
0.0107151377630597
-0.0629276015031523
-0.0803787494608976
-0.186530776898381
-0.0212454692870591
0.104636309982197
0.157598853161535
0.0952290260273265
0.0915813167463882
0.26602284775165
-0.197576892261686
-0.157119334146584
-0.144646193111969
0.112455664226799
0.17404155410514
0.171954615288987
0.0235552862872735
0.0396470719876746
0.0859994273739931
-0.0802564993359307
0.337336646974298
-0.157477858504621
0.00542517615304722
0.0651792723773809
0.0606443030133669
-0.0669185719821036
-0.195960834095595
-0.00832254860395899
-0.243056815310649
0.159715146264125
0.0312387815016637
0.190158058168764
-0.0867286401758633
0.00630461944108931
-0.0196380044626779
0.0384830021702947
0.0536242510067768
-0.130862948454814
-0.0920245591138355
0.0363563825636392
-0.177841809652042
-0.139809355234632
-0.109839738770878
-0.117188654928617
0.0485578184281194
-0.152902569256626
-0.14619382839344
-0.130925348112045
0.0235124269017364
-0.0708054220173987
-0.0932280056637742
-0.167188933135938
-0.0224386389992704
0.0567999145346937
0.0599259880441013
-0.0220545440711014
0.0328506310415687
-0.124936317782881
0.0669551463432517
0.0291986990324878
0.148388717131573
-0.00169299165116093
0.119334967167532
-0.108251375064723
0.0456265233484901
0.0216762066332278
0.163689981943382
0.0910769880183971
0.138179897048731
0.198659844648563
-0.0924463338389774
-0.161852173090227
0.231431529546722
-0.0840944702807445
0.0931162793669617
-0.159074447429574
-0.269704892221922
0.0490682220263135
0.0329434419674781
0.140010227495426
0.0208820128119466
-0.0110803242595883
0.0859298447547106
-0.0475825656785525
0.089718188665113
0.0322640204696241
-0.0658854001915985
-0.000252112684090549
-0.0913879872499988
0.101874129543451
0.106383533811303
0.265171832635484
0.0748848762093734
-0.0941091270011264
-0.175033194208585
-0.275679783855795
0.174850406659467
0.0811907250726541
-0.344962702304734
0.0556019053445071
0.0466536404640893
-0.0620450592424686
-0.105400250088651
0.138119871110574
0.0379112071658379
-0.0394724050482124
0.00538282170666122
-0.011240148881237
-0.122588097837884
0.125725027999662
0.0700743069386999
-0.217277226715953
0.0286593069159929
0.0505523455493236
-0.157285718050421
0.0138563316475994
0.150470145078369
-0.000834727414707518
-0.18220076302457
0.177366014180245
0.00797192112005356
-0.0378134390826268
-0.145765378173951
0.144370745003402
0.121329926053958
0.0991901573688867
-0.252263519343731
-0.0860483445193043
0.126016815230695
-0.0885876278638014
-0.088314662418462
-0.0535753411602229
-0.269207651575457
-0.00201360061327799
0.00138155128245488
-0.116582338564296
0.0485366756664568
-0.028897115533552
-0.033593450978696
-0.192432466793864
0.0240343572110805
-0.0889710256087272
0.0363262138998271
-0.0834064648600011
0.0404989267475991
0.15769950201382
-0.0641541054396685
0.18345546764919
0.0800690129528151
-0.199216295072552
0.0858751560251436
-0.148827930042923
0.0264921180771383
0.0432551293142381
0.017834064135747
-0.127469530745853
-0.0725811756067967
0.059715854697988
0.0525647418903716
-0.00161658327448945
0.0574267516857623
0.177583632891549
0.0913025654550117
-0.0387122657792184
-0.0971177844424058
-0.126834398129553
0.178497116103804
0.0182912733316912
0.0291682068946491
-0.0287996670212213
0.0895286108154322
-0.0365732747095687
0.111575799782387
-0.0941284144246629
-0.00362095944732413
0.16042395119952
-0.197306092154542
0.0192024247406816
0.0509446692310382
-0.0381444519121313
0.127968844384725
0.184677033126543
0.147423092980786
0.0934276339525622
0.104886140288476
0.134739153778435
-0.0597456258240397
0.0979822630393033
0.139183441779614
0.183801449525786
-0.19915046637105
0.255435635875567
-0.0623021631196968
0.0830605433208421
0.141364019395765
0.0906663956176375
0.0411032502679574
0.00928906178707348
0.175943127081129
-0.0310270424575976
0.237137146072465
0.0928459614732104
0.20711360717397
0.0971022111128953
-0.130006080853249
0.0601572831641922
-0.0424094868290508
0.0630262535052567
0.00905957298941467
-0.0631065354528676
0.0668147080450469
0.255055512311044
0.00844416731817748
-0.112643724245753
0.0487976175537028
-0.164478673532073
-0.067951484432898
0.218175065451864
0.158504859601967
0.0516598319237765
0.0873040850024862
-0.0601357508692003
0.00229633750323507
0.0529139682285683
0.0167296624092635
0.0492544777596613
0.0246520434712082
-0.109619797372639
0.117975516781049
0.0057693448303578
-0.016532177341525
0.148672926436387
-0.0478584502572205
-0.177833185781032
-0.0742898490524149
0.110134814028002
0.113350253476718
0.0575919518470093
-0.0117777755435579
0.12614495593732
-0.0276197479261006
0.00452069587108015
0.103849033962239
-0.163407306847998
-0.11698256193796
-0.0558457988968535
0.0636884626526882
0.0688113657119426
0.222324112454916
-0.00565363819281877
-0.0557937235305549
-0.0870628806270751
-0.0409579411353612
-0.0838377640907237
-0.0783318147635979
-0.00782245914948035
0.173495584088146
-0.0382644180157335
0.11579544638451
0.0466668970985967
0.120390594716159
0.0125764605057356
-0.0631461074270153
0.00968283069320353
0.0402418569223461
-0.157531400768009
0.176975090393091
-0.0111897982195802
-0.0515805381878146
0.0858271124326529
0.0921796005720747
-0.0477333661078185
0.116183279757095
0.0494568186617694
0.116526605314003
0.214955420499221
0.0961047384292547
0.048223278743427
0.0800588857650158
0.188769693306152
-0.00130838269503969
0.0126735556652676
0.109436194892444
0.0454077847935233
0.12146719301308
0.103277603558837
-0.182798182302904
0.0684718683796445
0.0505238453698376
-0.106302726006033
0.0310143462916607
0.0392859228059734
0.0903467650656723
0.149311993753571
-0.0966300620306368
-0.0117806733934698
-0.0871972185623246
-0.12825083274418
-0.223165765249082
0.0340628871884697
0.086131090533883
0.154660652640841
-0.0707256326530687
0.0175472457986028
0.189276686288982
0.104778133222825
0.134413791627598
0.0631285814869663
0.113551245092259
-0.0917687337904095
0.00361816318607514
-0.0224670328608479
0.0398293986943999
0.0464484527611069
0.153014513391782
-0.0638307391761886
0.0611679784358437
0.0344611717295563
0.0942242072016793
-0.03371218590395
-0.333593926385245
-0.166406444513263
-0.102902527997475
-0.0463593188309134
0.0477769301578353
0.0236812856972232
-0.0934198696632637
0.0367181975421444
0.0799861669612802
-0.0497472477407994
0.19302605998267
0.108020840838485
0.0142152615170331
-0.0322415856764179
-0.0654218668086073
0.0501955724211674
-0.155109202047391
-0.193878140168238
-0.191157590981725
0.0856905978516839
0.116806857947502
0.0208785615042393
0.2216985377908
-0.019435821540499
-0.0605950512303262
-0.168039392433157
0.0360744071956396
-0.121479309066174
-0.269083090765676
-0.0101666180714342
0.143129168475588
0.00228634619574159
-0.00956842151004982
0.0230164839474959
0.243316313421682
-0.0188469953312697
-0.0187462694567642
-0.0360566668433403
4.62371951070428e-05
-0.192408670136895
-0.000549498674377843
-0.00454565558885986
0.131064799558818
0.0419948525555103
0.0807343755705126
0.0707208581933492
0.0921746874127122
0.0100065735190918
0.0952489204537219
-0.0330431571425222
-0.0732228453850385
-0.116160531446656
-0.196091522777237
-0.072856450228091
0.0570108573148109
-0.118759945333612
0.00303968636622526
0.171499034766024
-0.0863119813431521
-0.000971706859511271
0.0107009465364675
0.112857217972196
-0.0643721219230286
0.119968297032978
0.16550491048029
-0.182925558563714
0.00320708102582563
-0.0560841293867574
-0.0235546849283232
0.0582871603538805
0.23957569753295
-0.0608672939607784
0.0166239977232184
0.00253239731050547
0.0534895546262909
0.100941326302431
0.0236702576586409
0.0446871333318159
-0.155563096900979
-0.0699599637618808
-0.0321024053785407
0.000210794080713172
-0.0364435564185923
-0.230962340539
0.0350969285792565
0.147162015573822
-0.0310367651371763
0.166562255388371
0.0604994718359643
0.101138892130857
0.0434089137133487
-0.206197759653541
-0.0284163375297244
0.00985778623117671
0.0838738839961634
-0.00346127270654781
0.153299179109715
0.110090995014811
-0.161087945369336
-0.0038776105009634
-0.111143889865065
-0.024042818793765
0.0126539539716267
0.0689264978239888
-0.0340050757094788
-0.0790020243277668
-0.235114482642554
-0.180281950958865
-0.114873535824775
-0.150329094419034
-0.0400878363590911
-0.0244060803868442
0.053342329479374
0.0859505859935952
0.140584536535344
-0.277463863356405
0.272203655138248
-0.123668449592749
0.0410651939004864
-0.0481064786413081
0.10592512367673
0.0342071311689123
0.0687140177930447
0.147027524307122
-0.105300706011276
0.0133856379110865
0.0422599755500403
0.0137257365148482
-0.0812864859893042
0.0811971778821328
-0.127426938786319
0.0313862180924331
0.0155292412375569
0.0459921686239591
0.0937935817407792
0.0660246597649886
-0.0139286564315432
-0.295225608796735
-0.087153181748205
0.0202024800522376
-0.273856200777259
-0.0500182124522481
0.061739668511637
-0.00803452836240418
-0.213120223281794
0.195672825721327
-0.117741998097271
-0.0501894921370131
-0.108757297625094
0.0127950006348816
0.121679532849816
0.134671531536903
-0.204497810413285
0.111030607207413
-0.00463894257746959
-0.0494837067761481
-0.100719962518088
0.0544773594019868
-0.0236232590897896
0.130858036102718
0.112536401533622
-0.0349697154070312
0.205820807239888
-0.24145396682973
-0.0615527386036183
0.0994524063496516
-0.142514569631733
-0.091495084489056
-0.0795990794692776
-0.0236062806750115
-0.104034763017073
-0.0723250155478121
0.167044012741405
-0.0805237233150889
-0.0192794832910143
-0.036901063199007
0.130771827187737
-0.225763588434842
-0.0122334280975685
0.0804227618864482
-0.133452815738177
-0.108353061580751
0.107186587447705
0.170210241222775
0.0685392064718869
0.00631879730285582
0.0745743531859589
-0.155157832053735
-0.041075333008531
0.119862493073291
0.0207988685972685
0.0477904161640239
0.0823065525700428
0.0383277084588064
-0.0510771565553504
-0.083006078201968
0.0527868517649031
-0.0798500150860601
-0.121598805437038
0.18828488312232
-0.0819615830872049
-0.291435607973696
-0.140620070940611
-0.0445514034913587
0.0108171880920732
-0.0900365764417171
0.0871249002013052
-0.0815584555298285
-0.0565527924164915
0.0201058037970472
-0.164727519120474
0.0635302940133159
-0.106051524897334
0.045794435717343
-0.322646746821445
-0.030716257177869
0.0295762268952409
-0.113035340137241
0.208265305236705
-0.00747630961863361
-0.230874302994002
-0.0169078319015231
-0.0940326111190891
-0.0375331380688816
-0.119431075434904
-0.0821975027117252
-0.0269129682313909
0.0596044685864508
0.0588862233640074
-0.13182156959131
-0.00150048599841876
-0.0414558165574241
-0.0888323018544382
-0.00163525651725104
0.0159757036908349
-0.0649142491683154
0.150721005302444
-0.107084427071424
0.115837251825069
-0.0265412004843378
0.0604362011500483
0.167061236418292
-0.209703088863147
-0.0190817246328679
-0.0118442104535352
-0.104482306827573
0.0281589762883794
-0.00175692358073402
0.00404636026456303
-0.0324133184613561
-0.0732258909857662
-0.142186961357197
-0.0459161074241541
0.0444904420899018
0.00244287569513141
-0.0482045992437534
-0.118276174861345
-0.202367044462884
0.0164910761924578
0.215421756087812
-0.180866025361089
-0.0428278678304782
0.0281347170201033
-0.0758767143204354
0.187895376266401
0.227776625532544
-0.0859106848220405
0.0973066028864489
-0.0554858636064232
-0.0640914479976315
-0.0182950929972572
-0.112252764459287
-0.063974692350161
-0.117106558657357
-0.113684348874565
0.0288582474878814
0.130484914104495
0.179145960625909
0.27996462858524
-0.0655886089942436
0.0918238951929882
0.0340706933594993
0.0125379954799865
-0.165060991281303
0.0369760875546976
0.108098866198178
0.103388347270355
0.0255194566836466
-0.0175066765998502
-0.069785553211044
-0.0356468663840219
0.000516510741619318
-0.205440630337492
0.139158212728906
-0.0470400928456335
-0.0407197361364896
0.178166068092846
0.0244744628897427
-0.0196536998601147
-0.146721231937771
0.00122580780802727
0.246717232994903
0.0159444625397071
-0.158186767818972
0.131259803969385
0.212001045286168
-0.152029184651682
-0.0740860975942511
0.0454782221592488
0.108725603631417
-0.0946632756458765
0.0315351362900446
0.151961639856868
-0.102512286080701
0.0870541093321976
0.280226915110443
-0.156628669819396
-0.00356461244391921
0.00833364943751692
-0.235759624463404
0.0193553933914314
0.10316228688197
0.0698435762833353
0.132457567059442
-0.155396108552387
0.0637335713912416
0.166245872629449
0.0883422653294847
0.0436999407746326
-0.029456893876688
0.0820519913387995
0.109902880089317
-0.102130644439664
0.113911625051713
0.0783390507793708
-0.0299054035476388
-0.0635438360732565
-0.0752585463913326
-0.146492509520143
-0.012278934134764
0.0889931703063064
0.0124950791193255
-0.0563983181646467
-0.116850616870366
0.0418018348219732
-0.00943423030362672
-0.0540177394373652
0.013686449733981
-0.078334064311214
0.0400333582683325
-0.13773812396594
-0.0487142074434697
0.0209303631079008
-0.0379587828712217
0.195094206891771
-0.165291595354549
0.0186776347648231
-0.207789078090853
0.0175075099537175
-0.167351887391977
-0.189694030290712
-0.187743030569847
-0.178022083403198
0.331466703959906
-0.0522619935410692
0.0813308010295922
0.0851879837175752
0.129473411902121
-0.104406476967101
-0.01745738920991
0.00455087387495042
-0.0298470347434892
-0.188929130403274
-0.0904533897547845
0.180671594007848
0.133997668866055
-0.152386746523052
-0.0260357671004538
-0.122131917198849
0.050233566545788
0.0419495364261739
-0.144167730472504
-0.0824247754088955
0.0427775114926168
0.0743257191661753
-0.104658665699751
0.223356971028851
0.123561934312266
