sample	diagnosis	sex	site	dapa	size_factor	TechnicalPC1	TechnicalPC2	TechnicalPC3	TechnicalPC4	DE_TechnicalPC1	prop_cluster_C0	prop_cluster_C1	prop_cluster_C3	prop_cluster_C4	prop_cluster_C6	prop_cluster_C7	prop_cluster_C8	prop_cluster_C9	prop_cluster_C10	prop_cluster_C11	PF_BASES	PERCENT_DUPLICATION	PCT_CODING_BASES	PCT_UTR_BASES	PCT_INTRONIC_BASES	PCT_INTERGENIC_BASES	MEDIAN_5PRIME_BIAS	MEDIAN_3PRIME_BIAS
PSYLMUi033-A	SCZ	M	MPI	TRUE	1.66638700418182	-1.5119879500059	0.10104000729463	-0.472072227642425	-1.49338805959344	-1.7184678283774	0	37.0610210453543	12.372559773174	0	0	0	25.8505650153342	15.8147475162068	7.77901044148867	1.12209620844195	5891695500	0.38	0.502995	0.325317	0.097167	0.074519	0.212541	0.359458
MPIPi021-A	SCZ	M	MPI	TRUE	1.90724106136581	0.0659524773084808	-1.46130544443864	-2.28904004132836	-0.0999558055794396	0.0668312977485208	0	36.9109518554293	14.1115499123033	0	1.11449618922122	0	24.676484963074	19.6208074401851	3.26253098194102	0.303178657846181	6456333600	0.52	0.454519	0.35791	0.109911	0.077658	0.244999	0.575727
PSYLMUi040-A	Ctrl	M	LMU	TRUE	1.40070636660714	0.283935826498209	-0.654247332857625	-1.06516359686279	-0.4889608328263	0.211431332601976	0	48.1103415740398	14.0252300891807	0	0	0.437243099021696	23.6516614437254	12.8694222282765	0.906101565755841	0	4981177000	0.45	0.455296	0.346279	0.102665	0.095757	0.215714	0.513323
MPIPi003-A	SCZ	M	MPI	TRUE	1.9316511610021	-1.14848005614079	-0.90101593020904	-1.8012934414277	0.0545998038482667	-1.16574182294637	0	35.848458771904	12.5995212697232	0	0	0.452419678699661	21.096461821738	17.9015160891187	12.1016223688164	0	6742839800	0.47	0.489336	0.344412	0.087969	0.078281	0.260798	0.477755
MPIPi039-A	Ctrl	M	MPI	TRUE	0.548813825483092	2.67848794092008	-2.22668298405462	0.160344005779213	-2.12867792150651	2.3553915909785	1.09898954629991	45.8928892054209	24.5689802907603	0	5.9019767071114	1.42461181137772	0	6.73709770116657	13.1689820312626	1.20647270660062	2303721100	0.59	0.383027	0.345066	0.139854	0.132051	0.073612	0.368624
MPIPi009-A	Ctrl	M	MPI	TRUE	2.29239641583347	-1.68405110727771	-1.44501036941716	-0.126920089220001	-2.32529200459724	-1.93276059525653	0	38.2517018944555	20.8542025977226	0	0	0	8.05433668969315	27.5492131458496	5.29054567227916	0	8109049700	0.43	0.503404	0.294528	0.121076	0.080989	0.192673	0.355637
MPIPi011-A	Ctrl	M	MPI	TRUE	1.13134966952531	2.3068747116511	-2.90959108210134	-1.50105272820382	1.28363103989227	2.48980459904626	0	50.6520037094518	6.40710483398253	0	0	0	22.9134230141438	16.3260676922853	3.38636389355731	0.31503685657934	5015266200	0.57	0.378563	0.374757	0.084523	0.162157	0.217361	0.508748
0401001ip3	BD	F	LMU	TRUE	0.910563419858743	-2.64695419605849	0.195824818390935	1.86225236171235	-0.433706386645525	-2.80209545814854	0	44.1127242210542	7.94725301567069	0	0	0.541536566876782	23.3700813668337	24.0284048295647	0	0	3244065000	0.37	0.538211	0.275382	0.099173	0.087229	0.251883	0.248227
0401029ip2	Ctrl	F	LMU	TRUE	0.83208164915151	-2.49588742470887	-0.0955773486112857	1.21676373674088	1.96238556642888	-2.35726920208938	0	57.2499378446789	10.099002112518	0	0	0	17.8857775851308	14.7652824576723	0	0	2976234300	0.41	0.525414	0.296721	0.084228	0.093633	0.338675	0.32548
PSYLMUi026-A	SCZ	F	LMU	TRUE	0.967692015192081	-1.64299205259754	0.324098100072918	0.611351996456116	1.51707601531162	-1.51788989568949	0	43.5863539603792	14.0082104868103	0	0	0	24.071394822647	17.5991288468818	0	0.734911883281719	3366204800	0.38	0.501085	0.321069	0.08486	0.092984	0.318848	0.375295
PSYLMUi001-A	Ctrl	M	LMU	TRUE	1.2056889527659	-2.25349924645975	-0.159118830890615	0.628889816306948	-0.688584489652115	-2.43572132771821	0	45.3472614296823	6.89186487031248	0	0	0.576854104648903	19.9373573719066	22.8475698200693	4.14667079508288	0.252421608297516	4346948100	0.4	0.527182	0.29696	0.085483	0.090372	0.229529	0.281528
MPIPi032-A	Ctrl	F	MPI	TRUE	1.10100540215445	0.0621651686792929	-1.70601344968308	1.89188897098343	-0.123213524035604	0.194768343005832	0	31.270049823938	17.9892572084592	0	0	0.220969171406979	25.2612428901178	19.9011119794472	4.19276320710181	1.16460571952905	4184821100	0.41	0.430849	0.299588	0.157264	0.112297	0.271288	0.375373
MPIPi033-A	MDD	F	MPI	TRUE	1.10667841232956	-1.60075811869676	-1.46095617350781	1.82801370009966	0.377875436770586	-1.50239086844955	0	32.0039189620775	23.1913833281396	0	4.60063278111653	0	0	22.0923824769823	18.1116824516841	0	4136293800	0.42	0.482831	0.284493	0.13008	0.102593	0.2952	0.295
MPIPi034-A	MDD	M	MPI	TRUE	1.32979613962428	-1.19768369594968	-0.941047715136541	1.31466906028051	-0.733750229421938	-1.21955909732019	0	37.3207319402265	7.31492323213278	0	8.33700289330608	0.346486645622029	18.5263493168757	16.7599096675871	7.99946271971366	3.39513358453616	4780811800	0.39	0.478792	0.294616	0.13508	0.091509	0.256666	0.34331
MPIPi037-A	MDD	M	MPI	TRUE	0.950218236615963	-1.58521465379735	-0.34220706135584	1.68149882532676	-0.329371599456515	-1.6891660747551	0	28.4277023544968	10.3122496373211	0	11.4408621140289	0.175332140868883	18.4550987964291	20.8825723394228	6.12923885976477	4.17694375766766	3397245800	0.39	0.505728	0.285914	0.103297	0.105059	0.239051	0.29835
MPIPi030-A	Ctrl	F	MPI	TRUE	1.92601928656042	-0.670524639547979	-1.95933093156593	-0.103624653709325	-0.327260959543195	-0.586500885312945	0	35.1270641089329	13.1048485096222	0	0.452068871507409	0	27.5962252836077	16.4677275768726	6.4056839230246	0.846381726432613	7035395000	0.45	0.452624	0.320889	0.131488	0.094998	0.269201	0.398885
MPIPi049-A	BD	F	MPI	TRUE	2.61534044713301	-3.75011943500748	-3.01431088409139	-0.95864402269773	-0.832958417523388	-3.91407251092614	1.7447283353863	55.5463921331873	17.0699238313879	0	0.33080831940706	0	0	9.15160873296338	16.1565386476681	0	9903614800	0.56	0.552609	0.279892	0.086847	0.080649	0.245401	0.240363
MPIPi050-A	BD	F	MPI	TRUE	1.20793355112495	-1.41953645191778	-1.1790701763061	0.59250836919947	0.939214292618834	-1.28353901939992	0	40.6996184014871	11.3905903166393	0	0	0	26.7426646135185	19.348315118595	1.81881154976006	0	4421525500	0.44	0.481974	0.310259	0.112499	0.095263	0.307839	0.366675
MPIPi051-A	BD	F	MPI	TRUE	0.500371758191315	-1.68586484541443	0.41805655306595	2.74570591785673	0.872667162656161	-1.67532515231674	0	38.9084149936114	11.7546948860552	0	0.446660296616973	0	25.31691561957	17.5251219991982	6.04819220494815	0	1911823800	0.37	0.50547	0.283596	0.110461	0.100469	0.286619	0.268059
MPIPi052-A	BD	M	MPI	TRUE	1.58302845466973	-2.35336109899042	-1.77508200330291	0.027266703034086	0.725229235466613	-2.26695563716047	0	45.9633844037092	19.6149326307826	0	0.104840976675693	0	1.87323120057198	12.6954431508429	19.7481676374176	0	5810078300	0.48	0.508379	0.300628	0.103452	0.087539	0.30725	0.336994
MPIPi053-A	BD	F	MPI	TRUE	0.911170653571875	-1.24203616747145	-0.663904527401562	1.06170314620023	1.01963893271923	-1.13474182771103	0	50.570052058909	23.3405327414052	0	0	0	0	8.82595155573829	17.2634636439474	0	3429302500	0.42	0.482346	0.30938	0.106783	0.101488	0.297542	0.347507
PSYLMUi028-A	SCZ	M	LMU	TRUE	1.00045458476399	-0.206101201819121	-0.261036728511451	1.79555162935917	-0.486824324609882	-0.18592972489559	0	42.9817633485544	13.4228919415973	0	0.466564867555553	0	24.6215980385271	17.9708080933047	0.445291014328136	0.0910826961327945	3569198300	0.35	0.452352	0.30703	0.139733	0.100883	0.253612	0.374454
PSYLMUi010-A	Ctrl	M	MPI	TRUE	0.817380257402562	-0.629286379781551	-0.305935191066614	2.02029740726165	-0.319119952494389	-0.656684831786857	0	45.7124714474433	13.5442004574699	0	0	0	20.029826735503	19.8430110380838	0.11061239324723	0.759877928252795	3090651400	0.37	0.468781	0.298345	0.124688	0.108183	0.243837	0.316709
PSYLMUi005-A	Ctrl	M	MPI	TRUE	2.35519823198655	-2.0696286017511	-3.10135817501956	-0.839817614928485	1.37342420296437	-1.82857626713129	0	39.4925801193015	15.210801898553	0	0	0	22.5845209864677	21.0051868618558	1.40727910246753	0.299631031354421	8420309600	0.54	0.485133	0.312935	0.10719	0.094739	0.337288	0.374697
MPIPi005-A	SCZ	M	LMU	TRUE	1.05643312432201	-0.202945730779595	-2.34523691964863	0.487426170746775	2.76637372704264	0.209832999844543	0	44.2542790543758	11.9970516388444	0	1.99552122595034	0	22.5711192822397	17.8440944906501	1.33793430793965	0	4138649500	0.5	0.43734	0.322306	0.116355	0.123995	0.358221	0.464642
PSYLMUi020-A	SCZ	M	MPI	TRUE	1.28498545402811	-3.06280877577503	0.771641297482985	0.112940785943143	-0.281595501064491	-3.23671742625968	0	39.8949237184284	4.10616796418166	0	3.11208702640554	0	24.9387201017732	17.8865384697488	9.87538331891574	0.18617940054675	4336116600	0.37107	0.555013	0.305155	0.070715	0.069117	0.259882	0.296662
PSYLMUi031-A	SCZ	M	MPI	TRUE	1.62995009299449	-3.13753822057241	-0.277310872619894	-1.15124182728632	0.22795210140767	-3.26362912825584	0	38.439692809344	12.8302427429365	0	0.861192405237577	0	24.3451107596293	18.8226450416306	4.64474020073051	0.0563760404915595	5642459700	0.45437	0.552386	0.31897	0.055493	0.07315	0.266541	0.312717
PSYLMUi012-A	Ctrl	M	LMU	TRUE	1.00070377261527	-1.06227207865569	-1.08349737483592	0.517663302202774	1.03672377232737	-0.9444794284779	0	45.3282080652437	14.8459365071335	0	2.54761853898145	0	23.5258386295868	9.67594915819513	3.73561490089731	0.340834199962059	3670684700	0.457659	0.471317	0.321417	0.107888	0.099377	0.293967	0.33954
PSYLMUi014-A	Ctrl	F	LMU	TRUE	1.10356984592108	-1.89824217715978	-1.36843128169728	0.741143625569937	1.12565210246518	-1.77857223168014	0	46.3606786448476	9.9228096304716	0	2.00068820877012	0	23.5720229128562	17.0867702110708	0	1.05703039198364	4013283600	0.466807	0.496454	0.300832	0.109633	0.093079	0.312395	0.332142
PSYLMUi037-A	Ctrl	M	LMU	TRUE	1.51894582851396	-1.59881911190974	-1.40402433689891	0.074260142312167	-0.102807105703557	-1.62590185346152	0	47.6278726405115	6.9773150199905	0	4.32804005278104	0	23.564405146773	16.3759476247945	0.518212251629199	0.608207263520233	5566890300	0.454831	0.494864	0.307454	0.098482	0.099198	0.254889	0.338835
MPIPi022-A	SCZ	F	MPI	TRUE	1.67013658770407	-4.16404620861734	0.431786359210968	-0.277236474944506	-1.79949151504861	-4.57688098770649	0	33.0768398258898	13.309040128664	0	0.631825375069466	0	25.8946496219641	24.7746296473668	1.62583178980684	0.687183611239017	5789296600	0.399194	0.598885	0.279885	0.068023	0.053207	0.209912	0.268949
PSYLMUi042-A	SCZ	M	MPI	TRUE	1.1530622258825	-3.53455104157722	-0.443313733773648	0.748283046642391	-0.47604432901746	-3.75273149571083	0	42.9061258562437	14.2011109060313	0	0	0.175062054057209	16.4393371394536	17.6315851462086	7.74768986959923	0.899089028406358	4141035100	0.441036	0.567876	0.272769	0.084341	0.075012	0.24929	0.252443
PSYLMUi022-A	SCZ	M	LMU	TRUE	0.887279333244458	-3.97684854373346	0.709702465400079	0.453222550123508	0.512889832472551	-4.15675496531585	0	42.7523632741378	8.56971533631565	0	9.62456785478834	0	23.3505578496065	12.9764008522654	2.72639483288624	0	3195626600	0.416232	0.588733	0.286169	0.059162	0.065935	0.280584	0.265643
PSYLMUi027-A	SCZ	M	LMU	TRUE	0.835286850812081	-3.28708057765403	0.309255757923104	0.209653322169303	1.16910536790981	-3.36247547545419	0	49.3611581286513	8.81647068998837	0	3.72954355277271	0	24.4627821773849	13.0624175927836	0.567627858419067	0	2983670900	0.447518	0.562217	0.300983	0.063235	0.073564	0.295733	0.295743
MPIPi043-A	BD	F	MPI	TRUE	1.10828171312594	-0.37930730949073	1.05191628830228	0.192269006818418	-0.897796434449785	-0.510400479917558	0	55.7187343661009	20.2557755310389	0	0	0	0	11.2997908903386	12.2860540799456	0.439645132576061	3774187700	0.333901	0.477079	0.33563	0.106489	0.0808	0.223838	0.438828
MPIPi047-A	BD	F	MPI	TRUE	0.879060914421313	0.779702988935074	0.650673936520403	0.258149758930774	-0.743783090523452	0.692370456297981	1.95525425326726	59.0736485753927	27.6847320486865	0	0	0	0	0.882621704959783	10.1657102768234	0.238033140870445	3112077200	0.368719	0.44259	0.344407	0.124417	0.088585	0.214662	0.497617
MPIPi025-A	MDD	M	MPI	TRUE	0.837071756338902	1.41830288072038	0.541627425656729	1.14188404669855	-0.88673189779858	1.40993526362229	0	25.85352759109	15.6735019615526	0	1.48962361601463	0.492296946468768	26.6262877527429	16.682123139633	12.1684810477341	1.01415794476391	3008802600	0.331284	0.413709	0.340223	0.152031	0.094035	0.224768	0.499474
MPIPi038-A	MDD	M	MPI	TRUE	0.75782920057807	2.04336600048972	0.790277273015211	0.662723231344881	-1.06376481217267	1.97610685451694	0	47.9978012173458	19.7297892841726	0	0.592106842693351	0.701770198726264	14.9766646461881	10.148235925613	2.81587788683163	3.03775399842926	2771221700	0.342282	0.405979	0.35222	0.144335	0.097463	0.197047	0.55373
MPIPi028-A	MDD	F	MPI	TRUE	1.21789243532177	-1.1501282642987	0.860669130730346	-1.11054227633035	-0.340292580935067	-1.30842422560867	0	39.8112105703719	19.1528088542081	0	0	0	19.7639795489041	15.4044289213853	4.04436914883506	1.82320295629563	4401396300	0.39136	0.509078	0.342101	0.07303	0.07579	0.2307	0.466913
MPIPi029-A	BD	M	MPI	TRUE	1.02731114847604	0.649701445747866	0.669507878375117	-0.0787895761482465	-0.946835220634018	0.543191079801722	0	33.5276171699395	13.7950690053836	0	3.03932302921935	0	23.5625400235119	11.9386485482146	14.136802223731	0	3573994000	0.365183	0.446819	0.347325	0.12123	0.084625	0.211371	0.5056
PSYLMUi011-A	Ctrl	M	LMU	TRUE	0.734706654138162	0.29708673004279	1.56123662267176	0.629865469433203	-0.137930674671078	0.209462338916265	0	42.5403617111209	6.04236527379466	0	2.76725480930445	0	27.6427263424587	13.3871712168652	7.62012064645609	0	2566282200	0.324796	0.467991	0.338342	0.098771	0.094894	0.227973	0.490411
MPIPi012-A	Ctrl	M	MPI	TRUE	1.299786587432	0.872263387553446	-0.94836356215047	-0.396581265184087	-0.387391591886919	0.913338211608885	0	30.7483143119086	15.4485285958614	0	0	0.0622642066374454	21.8062563984241	11.6722323591911	20.1379296009532	0.124474527024065	4874207000	0.431344	0.424864	0.345435	0.132646	0.097053	0.238218	0.523885
MPIPi013-A	Ctrl	F	MPI	TRUE	0.625857872425695	5.8060742761657	-3.04792213507432	1.57354935089445	0.47890220338612	6.13099203908718	7.32251181059323	54.0887827704468	9.22491476934821	12.3520972820834	0.67267757156874	2.37761371363172	0	3.80947171544433	10.1519303668835	0	3210774800	0.465121	0.274183	0.351941	0.175557	0.198317	0.194788	0.67949
MPIPi024-A	SCZ	M	MPI	TRUE	1.42364119376514	1.03683489321573	-1.26015168827932	-0.435254644317259	-0.934247761092507	1.01131085446526	0	40.7689723403393	12.490484498435	0	2.41412650250372	0.294547787405645	31.0905656350388	11.8683563882802	0.381768452627916	0.691178395369457	5106837100	0.44931	0.422484	0.340787	0.138369	0.098359	0.212714	0.525778
PSYLMUi017-A	SCZ	M	LMU	TRUE	0.611793820739535	1.64450965895105	0.978275252537175	1.22432791708824	-0.533986300980198	1.60821405652871	0	50.2101046196351	11.137734405982	0	1.51241849489694	0	25.6814402601507	9.70029126766933	1.75801095166597	0	2345551900	0.332419	0.419873	0.340425	0.137356	0.102344	0.215101	0.529672
PSYLMUi041-A	SCZ	M	MPI	TRUE	2.60638757444886	-1.96551879060982	-0.947224542004616	-3.0243970515433	-0.208771207590515	-2.06870107582801	0	39.4435596817029	15.5542256902384	0	0	0	19.1827132363579	15.6837753591791	8.80471676147901	1.3310092710426	9042037200	0.498119	0.517424	0.352386	0.063442	0.066746	0.249593	0.46457
PSYLMUi047-A	SCZ	M	MPI	TRUE	0.669578110398992	-0.529384221149845	2.6083611024839	-0.634442299454672	0.171307360116894	-0.686267217218826	0	49.4521930487173	16.7776427237575	0	0	0	3.22701590535455	8.96713084391527	21.5760174782554	0	2421110400	0.330482	0.500594	0.361676	0.066972	0.070755	0.234567	0.482665
PSYLMUi044-A	SCZ	M	MPI	TRUE	1.44846430699196	-1.42483703590867	0.982977288320971	-0.751001886875657	-0.777265059033614	-1.60663810839046	0	44.5871144400427	36.2163652707255	0	0	0	0	9.57530752620861	8.96322560987054	0.657987153152682	4795133800	0.359432	0.510749	0.338138	0.076474	0.074639	0.225783	0.403835
PSYLMUi035-A	SCZ	M	LMU	TRUE	1.05276625649287	0.0646061164702896	0.326296290583942	-0.16079038940221	0.163105102105723	0.0573372047299309	0	46.5605134035525	9.81630205012514	0	0.814087513058076	0	25.0150503626905	15.1388624899415	2.65518418063227	0	3743585000	0.386073	0.464818	0.339352	0.100214	0.095615	0.248101	0.510305
PSYLMUi032-A	SCZ	F	LMU	TRUE	1.37105363288707	-0.800363833635011	0.156398969642285	-0.164907665548902	-0.285540804085292	-0.859685656837942	0	39.1923135295154	13.0255730880375	0	0.5104657286193	0.608042794927477	27.152978188389	17.1327857162446	0	2.37784095426667	4513160200	0.38556	0.487216	0.326555	0.101366	0.084861	0.248744	0.463411
MPIPi054-A	BD	F	MPI	TRUE	0.970492988992536	1.36145107551364	-0.205988167064563	0.559195714928816	-0.827905529234709	1.34249926393508	0	33.5383240843674	22.3117821978186	0	0	0.188975217606744	24.3770491857978	12.4400489084791	6.52932612329045	0.614494282639891	3549129700	0.383959	0.417511	0.338446	0.144633	0.099408	0.216848	0.52233
PSYLMUi029-A	SCZ	M	LMU	TRUE	1.43394489185439	0.612814427198449	-0.227340849950065	-1.22004826420123	-0.0998233401931207	0.616021155256793	0	45.6975281928546	11.0974157421254	0	0	0	26.7728183403331	14.1784643106699	1.18504997950138	1.06872343451574	5061105900	0.418261	0.445888	0.357314	0.10244	0.094355	0.236677	0.5704
PSYLMUi036-A	Ctrl	M	LMU	TRUE	0.779894349784957	2.53162588319237	-0.254003805770666	0.282106416902079	0.215814695056514	2.65575627858937	0	52.8516551633453	10.0358931866313	0	0	0.21697107018397	22.3058187034871	14.2884035748034	0	0.301258301548935	3070838000	0.397128	0.386194	0.356445	0.144056	0.113302	0.238668	0.636716
MPIPi036-A	BD	F	MPI	TRUE	1.25195423547771	3.31588140001997	-2.15028119101135	0.477845251420888	-0.871688059151538	3.47306531668164	0	29.7961600316523	21.281371220829	0	0	1.78261726729073	27.3004471213522	17.6566876110707	0	2.18271674780515	4958559800	0.437473	0.345426	0.34321	0.188799	0.122562	0.218328	0.654472
MPIPi027-A	BD	M	MPI	TRUE	1.58707190169103	2.10779638877779	-2.26182065904138	-1.70452986230916	0.817304524177655	2.36439247063101	0	46.6663309314593	18.4063913954566	8.12494993254677	5.04687227982806	0	0	1.3807658454346	18.4857584060632	1.88893120921143	5995684000	0.520478	0.384193	0.367769	0.14503	0.103005	0.277892	0.712102
MPIPi031-A	BD	F	MPI	TRUE	1.65556863553178	1.47451018665744	-1.47995091643979	-1.22035838300695	-1.19524399226564	1.47292242206995	0	38.8083533739147	13.986597722111	0	0	0	29.4484748576839	9.85364323678017	7.18295000162378	0.719980807886555	6389855400	0.459695	0.404251	0.358288	0.148046	0.089414	0.21227	0.575173
PSYLMUi030-A	SCZ	M	LMU	TRUE	1.2790246043984	0.528160119990833	0.266176214529728	-0.933924947796039	-0.751364271614239	0.422118270687842	0	41.1894693717833	2.79442450810325	0	0.325495398211872	0	30.9918633906906	13.3159903697455	11.3827569614655	0	4398928500	0.399598	0.452152	0.355441	0.103163	0.089241	0.20813	0.522376
PSYLMUi016-A	Ctrl	M	LMU	TRUE	1.32326821870445	0.655073777945075	-0.734315627303433	-0.538630292889974	-1.00198852935205	0.568350503963186	0	43.9180714130387	11.0270849254128	0	0.958481027996486	0.0493203249365911	33.3167575358251	10.7302847727904	0	0	4853730400	0.433061	0.439863	0.341954	0.121516	0.096665	0.203304	0.498115
PSYLMUi007-A	Ctrl	M	LMU	TRUE	1.01955980286921	1.62784790658656	-0.137939862599396	0.798812616050306	-1.26889269147412	1.56168925117432	0	41.8799697765672	9.40470685941187	0	2.81663541192517	0	29.5047609562221	13.0000406601422	1.75675055395215	1.63713578177934	3842602000	0.358162	0.417921	0.32932	0.143283	0.109475	0.195341	0.556808
PSYLMUi008-A	Ctrl	M	LMU	TRUE	1.18634195885181	1.11141507896387	0.316204600432867	-0.902967504697044	-0.312995721283553	1.06203653353044	0	42.9891489625894	6.71970987751279	0	4.42273858907733	0	26.3883489075053	12.5744499010949	6.9056037622203	0	4286907500	0.388926	0.442407	0.356508	0.098319	0.102764	0.21369	0.602096
MPIPi056-A	Ctrl	F	MPI	TRUE	1.17541689803536	1.55983248092635	-1.13564437432396	-0.537405905414167	0.571566395033901	1.70840840175496	2.35487729189836	52.9991716771206	32.7680440209758	2.82344014768223	0.111821870323993	2.35564599174861	0	1.61348225608745	4.97351674416289	0	4327553100	0.453273	0.411558	0.349544	0.129166	0.109729	0.258877	0.629409
MPIPi006-A	SCZ	F	MPI	TRUE	1.20042736331361	-1.44713463741572	2.13518782400213	-1.75543616703362	-0.701701860087441	-1.73875036896533	4.56528903005324	72.0056715178126	4.96320697430806	0	0	0	0	2.65471685659813	15.1510889037333	0.660026717494636	4054387800	0.356396	0.533498	0.355724	0.047242	0.063533	0.205904	0.477393
MPIPi040-A	BD	M	MPI	TRUE	1.33945590339499	0.224682795041833	-0.0496077566598064	-0.502430316167843	-1.11482478523702	0.115449205807005	0	48.068930807025	22.3924638576741	0	0.10106768085892	0	0	8.90388917642638	20.5336484780156	0	4783107900	0.394846	0.453258	0.343827	0.117784	0.085129	0.211012	0.479009
MPIPi055-A	BD	F	MPI	TRUE	1.22335451335867	0.376136326081265	0.552465538757089	-0.362417940115358	-1.04353393722681	0.271572112905652	0	37.2251008730471	14.4325477593695	0	0	0.0557626524368536	27.4328741094733	17.7733640653364	3.08035054033682	0	4283658800	0.364635	0.456602	0.342771	0.122452	0.078173	0.21943	0.543101
MPIPi042-A	BD	F	MPI	TRUE	0.587838294071358	2.1999867821564	1.45516456275784	-0.679662752525446	1.09117882619977	2.29441416262276	0	51.9238371367139	11.4677419933448	2.47490709843381	0	0	0	0	34.1335137715075	0	2190510900	0.378361	0.415311	0.381423	0.109587	0.093677	0.256044	0.704452
PSYLMUi003-A	Ctrl	M	LMU	TRUE	1.07574851829937	-2.43403032181326	1.14089988811127	-0.0252660228567307	-0.946540307341048	-2.72202559071139	0	39.387267894875	5.96449408412829	0	1.32265521489373	0	26.0313629177541	23.6907079728638	3.60351191548516	0	3968485700	0.364385	0.550797	0.307865	0.069176	0.07216	0.216651	0.349974
PSYLMUi015-A	Ctrl	M	LMU	TRUE	0.308626065262779	1.14978828497675	2.37041226412523	1.83752360656898	0.000372556481133754	0.990952558325664	0	37.453345550383	11.9885967915031	0	9.58941128503748	0	25.3211458819615	14.1271339593196	1.52036653179534	0	1271834200	0.310542	0.457097	0.333572	0.097262	0.112068	0.194283	0.470235
MPIPi044-A	BD	F	MPI	TRUE	0.783945486827227	0.464821716306447	1.31091313894016	-0.865483371200122	1.12959299967372	0.489520439012647	0	42.4905378549279	19.6913501342799	0	0	0	12.3571927578207	15.5862732105641	8.64246584965198	1.2321801927554	2689884300	0.390536	0.466203	0.364054	0.079551	0.090189	0.262426	0.592566
MPIPi046-A	BD	F	MPI	TRUE	0.64385268425208	0.0849226508386477	1.56791290475997	-0.54168353129598	1.3914233853056	0.0941715690885705	9.76046072302115	54.3930740003117	18.2088646228506	0	0	0	0	5.2747042307495	11.4458079671042	0.917088455962793	2254066500	0.389069	0.479118	0.358983	0.070243	0.091653	0.26572	0.544904
MPIPi048-A	BD	F	MPI	TRUE	0.650780150922241	1.1060268705049	0.963092328795239	0.335819579568944	1.20069116097851	1.22315345814963	0	43.5712930522482	29.5953789193554	0	0	0	0	12.6535999727555	14.1797280556409	0	2344641900	0.369889	0.438868	0.350522	0.110473	0.100134	0.276236	0.598789
PSYLMUi039-A	Ctrl	M	LMU	TRUE	0.698676917060164	1.80070820674555	-0.0403140340214173	0.781770753462729	-0.0158766538738814	1.83560946847901	0	46.6650199185836	10.6777415286308	0	0	0.441602351032206	23.7980334060959	16.9367149734277	1.48088782222984	0	2620021300	0.398298	0.412915	0.338738	0.139479	0.108866	0.228418	0.575876
PSYLMUi025-A	SCZ	F	LMU	TRUE	0.625948162637195	0.472497029278773	1.63128452696432	0.113386881792459	0.808821672633407	0.459733600547771	0	44.9967833117915	10.9487503578161	0	0	0	24.9630117830965	17.2885837983371	0.167712013681708	1.63515873527709	2259608500	0.354644	0.468812	0.348093	0.088816	0.094276	0.252669	0.565169
PSYLMUi009-A	Ctrl	M	LMU	TRUE	0.798982768665603	0.473342711485506	0.747516796233877	-0.00220223053586396	0.582117698404898	0.4933341441894	0	49.5623817075389	8.28591027558802	0	0	0	25.4117675553273	16.7399404615458	0	0	2915545300	0.380872	0.459171	0.34339	0.101428	0.096008	0.255307	0.558416
ISFi001-A	Ctrl	M	MPI	TRUE	0.616534219755084	3.46786653860968	-0.0944037324095419	-0.66763561085361	1.54093038158623	3.65578514442031	11.3948920174343	56.2654239883731	16.02841872369	6.19755995343564	0.342372839147768	1.26377210823053	0	0	6.65095462802971	1.85660574165891	2505018100	0.437223	0.372814	0.384353	0.10283	0.14	0.23485	0.716667
MPIPi008-A	Ctrl	M	MPI	TRUE	0.826408667624946	0.446452699847854	1.3212704081141	-1.93860203319707	1.63854092516931	0.482215415395797	0	49.1672431189848	21.7021645510339	0	0	0	5.50984933011257	6.50724265437873	16.9609445006426	0.152555844847499	2923763500	0.422473	0.47246	0.381127	0.055576	0.090837	0.265673	0.634216
MPIPi010-A	Ctrl	M	MPI	TRUE	0.457172469823376	2.71845214214012	0.514398171795273	1.30123278386354	0.915920767117542	2.81483519941369	0	42.4296995338673	12.5624495053285	0	0	0.504771428593512	25.0454813446224	18.2189556078108	1.23864257977747	0	1823263900	0.373136	0.397243	0.345414	0.118494	0.138848	0.22617	0.612168
MPIPi014-A	Ctrl	F	MPI	TRUE	0.69266874028982	2.89449243246004	0.0722574443599663	0.185630685891768	0.496059653548646	3.02507370763966	0	30.1000120214747	17.9603043441735	0	0	1.5914925681912	24.580108577409	18.0951063056604	6.47347074180162	1.19950544128958	2630201800	0.39711	0.382841	0.362206	0.140272	0.114681	0.238349	0.685422
MPIPi016-A	Ctrl	F	MPI	TRUE	0.690254617598446	2.04786688499907	0.385542800239082	0.515905991466328	0.591157292521637	2.16448930608889	0	28.7951859930705	16.2295652297152	0	0	1.21536802194867	26.5330736688682	17.1124123624362	10.1143947239612	0	2548987100	0.377253	0.405601	0.353006	0.132545	0.108846	0.251748	0.617896
MPIPi017-A	Ctrl	F	MPI	TRUE	1.01684188432952	1.1684430601357	0.459926527662885	-1.35099377336435	-0.143387809148884	1.12638468284592	2.09291218928103	50.6326815605636	19.8677288787653	0	0	0	0	5.71176844065481	21.6949089307353	0	3753694100	0.416663	0.43818	0.370158	0.105138	0.086523	0.22245	0.612427
MPIPi023-A	SCZ	F	MPI	TRUE	0.794435197950532	1.68501697763117	0.477930708526259	-0.304550805629664	0.594239880578367	1.74469571125619	0	49.7540008451425	31.6730395937382	1.25151580164943	0.578702108578689	0	0	5.52968106218649	11.2130605887046	0	2874845400	0.396489	0.424342	0.358909	0.11088	0.105867	0.241798	0.634766
PSYLMUi024-A	SCZ	M	LMU	TRUE	0.708430502572163	1.07089302627857	0.739267508075831	0.467668186218409	0.6451389899072	1.11736984859231	0	44.9131649025888	6.9364385715067	0	4.31519383008495	0	27.1159589836436	12.4844698668004	3.55219072095682	0.682583124418695	2580010400	0.369832	0.442927	0.341328	0.109168	0.106576	0.250608	0.580932
PSYLMUi004-A	Ctrl	F	LMU	TRUE	0.526041483631552	1.03023837871243	1.3857231775595	0.116040853449122	1.17268537387644	1.0739738781699	0	45.4761077458237	4.03014053635381	0	0	0	31.8822194665072	12.6635985851373	5.94793366617797	0	1944213300	0.38191	0.448886	0.356049	0.098594	0.096468	0.259477	0.586335
PSYLMUi045-A	SCZ	M	MPI	TRUE	0.649037265945713	-1.10032008631312	2.52891445596062	-1.15411439197737	1.35056662457383	-1.19741101149267	0	58.2135007276893	8.52974296517736	0	0	0	4.76807985632503	10.2649599599706	17.5000024863504	0.723714004487285	2287241600	0.370836	0.527844	0.357424	0.042339	0.07239	0.267326	0.541784
MPIPi004-A	SCZ	M	MPI	TRUE	0.81404205498074	0.392032256393155	1.04644965803071	-0.624095851617213	0.605417313915696	0.373689992387649	0	50.2223475010219	28.3298758974432	5.2535017756871	0	0.261804909259255	0	4.19401253678625	10.3793391848008	1.35911819500152	2855095300	0.39132	0.461785	0.360662	0.085362	0.092188	0.244866	0.526421
MPIPi001-A	SCZ	M	MPI	TRUE	0.729071248311599	0.0523635330259414	1.66510433530038	0.127585512391199	0.551999287396544	0.0334615057995101	0	33.5497746449336	12.6552602228885	0	0	0.417340052207581	23.1387314077428	21.0760718086149	8.15333554673116	1.00948631688147	2468192700	0.345533	0.475107	0.345899	0.097308	0.081682	0.261487	0.536957
PSYLMUi043-A	SCZ	F	MPI	TRUE	0.897686835606151	0.246384143396084	1.390125341856	0.440403399728545	-0.882386199730876	0.108942144280562	0	50.1751708227327	24.056144436214	0	0	0	0	14.0169670622823	11.6963328547303	0.0553848240407565	3007252300	0.327294	0.466643	0.336399	0.116452	0.080505	0.217225	0.502376
PSYLMUi018-A	SCZ	M	LMU	TRUE	0.856996727972096	-0.0560987091150939	1.23199080447024	-0.0749092983633901	-0.114115828550784	-0.157353814176225	0	46.7981700229123	4.80348186080468	0	10.4528901221631	0	22.4168875044743	11.0862051935482	0	4.44236529609747	3011972100	0.361701	0.482745	0.336203	0.097349	0.083701	0.234668	0.545562
PSYLMUi019-A	SCZ	M	LMU	TRUE	0.862915312561722	0.814594482967383	0.826314665592842	-1.02637037848159	0.687098261013957	0.812856974669236	0	43.6974820831304	8.00211958175914	0	1.58078727312196	0	27.7156887040574	14.1404815313833	4.86344082654784	0	3051087900	0.408979	0.454202	0.364609	0.086838	0.094349	0.242744	0.600854
PSYLMUi021-A	SCZ	M	LMU	TRUE	0.99723274131762	0.279195018971829	0.439324340085014	-1.09315279874179	0.470564005281233	0.24039470800054	0	48.0043651953438	4.7313719832923	0	0	0	28.8462794067811	15.8412784695877	1.04826523575064	1.52843970924439	3606567900	0.422944	0.470727	0.352413	0.081496	0.095362	0.237759	0.579428
PSYLMUi002-A	Ctrl	M	LMU	TRUE	0.595955638180614	0.748210437887299	1.30442221380466	0.492296679018804	1.12704367322404	0.804909160324788	0	44.9480483507259	8.43260155085113	0	3.37020095955891	0	24.7172686418532	15.1601006554821	2.58820973532446	0.783570106204295	2137108300	0.361223	0.45657	0.343553	0.099411	0.100462	0.266652	0.578056
PSYLMUi046-A	SCZ	M	MPI	TRUE	0.962026981388793	1.41589614893127	1.64643164932498	-0.711307916102429	-1.47623906927219	1.22708427997303	10.6770629367693	76.6750801593902	1.22951036250261	0	0	0	0	2.01668783364226	9.40165870769555	0	3591013800	0.322545	0.43979	0.366366	0.112443	0.081399	0.179791	0.601639
MPIPi007-A	SCZ	F	MPI	TRUE	1.00446856500382	1.04900391553163	1.83442862298554	-0.0818074004878511	-1.72571185188743	0.863316970943875	0.880173534346713	66.086569335829	22.8076987172345	0	0	0	0	3.91038775618055	6.31517065640917	0	3541695200	0.290787	0.445835	0.354326	0.12705	0.072788	0.191581	0.57172
MPIPi018-A	SCZ	M	MPI	TRUE	0.950924269963329	2.22965431912152	0.293213523272091	0.863509237679256	-1.86443877046803	2.14441521406173	0	52.7388038357073	9.98153708532573	0	0	0	25.7171429630448	10.6392737695115	0	0.923242346410615	3651293300	0.330761	0.401537	0.334887	0.170573	0.093	0.189481	0.626199
MPIPi041-A	BD	F	MPI	FALSE	NA	NA	NA	NA	NA	-1.2745097242467	NA	NA	NA	NA	NA	NA	NA	NA	NA	NA	7655130200	0.76	0.47296	0.340902	0.105168	0.080969	0.078437	0.273049
PSYLMUi023-A	SCZ	M	LMU	FALSE	NA	NA	NA	NA	NA	-1.80488105336661	NA	NA	NA	NA	NA	NA	NA	NA	NA	NA	2759863100	0.310781	0.538061	0.331465	0.062285	0.068185	0.204533	0.433853
