FDR	log2FC	n_per_group	power	dispersion
0.05	0.4	1	0	0.21079231863871
0.05	0.4	5	0	0.21079231863871
0.05	0.4	10	0	0.21079231863871
0.05	0.4	15	0	0.21079231863871
0.05	0.4	20	0	0.21079231863871
0.05	0.4	25	0	0.21079231863871
0.05	0.4	30	0	0.21079231863871
0.05	0.4	35	0	0.21079231863871
0.05	0.4	40	0.06	0.21079231863871
0.05	0.4	45	0.11	0.21079231863871
0.05	0.4	50	0.17	0.21079231863871
0.05	0.4	55	0.23	0.21079231863871
0.05	0.4	60	0.3	0.21079231863871
0.05	0.4	65	0.37	0.21079231863871
0.05	0.4	70	0.43	0.21079231863871
0.05	0.4	75	0.5	0.21079231863871
0.05	0.4	80	0.56	0.21079231863871
0.1	0.4	1	0	0.21079231863871
0.1	0.4	5	0	0.21079231863871
0.1	0.4	10	0	0.21079231863871
0.1	0.4	15	0	0.21079231863871
0.1	0.4	20	0	0.21079231863871
0.1	0.4	25	0	0.21079231863871
0.1	0.4	30	0	0.21079231863871
0.1	0.4	35	0.06	0.21079231863871
0.1	0.4	40	0.12	0.21079231863871
0.1	0.4	45	0.18	0.21079231863871
0.1	0.4	50	0.25	0.21079231863871
0.1	0.4	55	0.32	0.21079231863871
0.1	0.4	60	0.4	0.21079231863871
0.1	0.4	65	0.47	0.21079231863871
0.1	0.4	70	0.53	0.21079231863871
0.1	0.4	75	0.59	0.21079231863871
0.1	0.4	80	0.65	0.21079231863871
0.01	0.4	1	0	0.21079231863871
0.01	0.4	5	0	0.21079231863871
0.01	0.4	10	0	0.21079231863871
0.01	0.4	15	0	0.21079231863871
0.01	0.4	20	0	0.21079231863871
0.01	0.4	25	0	0.21079231863871
0.01	0.4	30	0	0.21079231863871
0.01	0.4	35	0	0.21079231863871
0.01	0.4	40	0	0.21079231863871
0.01	0.4	45	0	0.21079231863871
0.01	0.4	50	0.05	0.21079231863871
0.01	0.4	55	0.09	0.21079231863871
0.01	0.4	60	0.13	0.21079231863871
0.01	0.4	65	0.18	0.21079231863871
0.01	0.4	70	0.24	0.21079231863871
0.01	0.4	75	0.3	0.21079231863871
0.01	0.4	80	0.35	0.21079231863871
0.05	0.5	1	0	0.21079231863871
0.05	0.5	5	0	0.21079231863871
0.05	0.5	10	0	0.21079231863871
0.05	0.5	15	0	0.21079231863871
0.05	0.5	20	0	0.21079231863871
0.05	0.5	25	0.05	0.21079231863871
0.05	0.5	30	0.13	0.21079231863871
0.05	0.5	35	0.23	0.21079231863871
0.05	0.5	40	0.33	0.21079231863871
0.05	0.5	45	0.43	0.21079231863871
0.05	0.5	50	0.53	0.21079231863871
0.05	0.5	55	0.62	0.21079231863871
0.05	0.5	60	0.69	0.21079231863871
0.05	0.5	65	0.76	0.21079231863871
0.05	0.5	70	0.81	0.21079231863871
0.05	0.5	75	0.85	0.21079231863871
0.05	0.5	80	0.88	0.21079231863871
0.1	0.5	1	0	0.21079231863871
0.1	0.5	5	0	0.21079231863871
0.1	0.5	10	0	0.21079231863871
0.1	0.5	15	0	0.21079231863871
0.1	0.5	20	0	0.21079231863871
0.1	0.5	25	0.1	0.21079231863871
0.1	0.5	30	0.2	0.21079231863871
0.1	0.5	35	0.32	0.21079231863871
0.1	0.5	40	0.43	0.21079231863871
0.1	0.5	45	0.54	0.21079231863871
0.1	0.5	50	0.63	0.21079231863871
0.1	0.5	55	0.7	0.21079231863871
0.1	0.5	60	0.77	0.21079231863871
0.1	0.5	65	0.82	0.21079231863871
0.1	0.5	70	0.86	0.21079231863871
0.1	0.5	75	0.89	0.21079231863871
0.1	0.5	80	0.92	0.21079231863871
0.01	0.5	1	0	0.21079231863871
0.01	0.5	5	0	0.21079231863871
0.01	0.5	10	0	0.21079231863871
0.01	0.5	15	0	0.21079231863871
0.01	0.5	20	0	0.21079231863871
0.01	0.5	25	0	0.21079231863871
0.01	0.5	30	0	0.21079231863871
0.01	0.5	35	0.08	0.21079231863871
0.01	0.5	40	0.15	0.21079231863871
0.01	0.5	45	0.24	0.21079231863871
0.01	0.5	50	0.33	0.21079231863871
0.01	0.5	55	0.42	0.21079231863871
0.01	0.5	60	0.51	0.21079231863871
0.01	0.5	65	0.59	0.21079231863871
0.01	0.5	70	0.66	0.21079231863871
0.01	0.5	75	0.72	0.21079231863871
0.01	0.5	80	0.77	0.21079231863871
0.05	1	1	0	0.21079231863871
0.05	1	5	0	0.21079231863871
0.05	1	10	0.31	0.21079231863871
0.05	1	15	0.69	0.21079231863871
0.05	1	20	0.88	0.21079231863871
0.05	1	25	0.96	0.21079231863871
0.05	1	30	0.98	0.21079231863871
0.05	1	35	0.99	0.21079231863871
0.05	1	40	0.99	0.21079231863871
0.05	1	45	0.99	0.21079231863871
0.05	1	50	0.99	0.21079231863871
0.05	1	55	0.99	0.21079231863871
0.05	1	60	0.99	0.21079231863871
0.05	1	65	0.99	0.21079231863871
0.05	1	70	0.99	0.21079231863871
0.05	1	75	0.99	0.21079231863871
0.05	1	80	0.99	0.21079231863871
0.1	1	1	0	0.21079231863871
0.1	1	5	0	0.21079231863871
0.1	1	10	0.42	0.21079231863871
0.1	1	15	0.76	0.21079231863871
0.1	1	20	0.92	0.21079231863871
0.1	1	25	0.97	0.21079231863871
0.1	1	30	0.99	0.21079231863871
0.1	1	35	0.99	0.21079231863871
0.1	1	40	0.99	0.21079231863871
0.1	1	45	0.99	0.21079231863871
0.1	1	50	0.99	0.21079231863871
0.1	1	55	0.99	0.21079231863871
0.1	1	60	0.99	0.21079231863871
0.1	1	65	0.99	0.21079231863871
0.1	1	70	0.99	0.21079231863871
0.1	1	75	0.99	0.21079231863871
0.1	1	80	0.99	0.21079231863871
0.01	1	1	0	0.21079231863871
0.01	1	5	0	0.21079231863871
0.01	1	10	0.14	0.21079231863871
0.01	1	15	0.49	0.21079231863871
0.01	1	20	0.77	0.21079231863871
0.01	1	25	0.91	0.21079231863871
0.01	1	30	0.96	0.21079231863871
0.01	1	35	0.98	0.21079231863871
0.01	1	40	0.99	0.21079231863871
0.01	1	45	0.99	0.21079231863871
0.01	1	50	0.99	0.21079231863871
0.01	1	55	0.99	0.21079231863871
0.01	1	60	0.99	0.21079231863871
0.01	1	65	0.99	0.21079231863871
0.01	1	70	0.99	0.21079231863871
0.01	1	75	0.99	0.21079231863871
0.01	1	80	0.99	0.21079231863871
