n_per_group	iter	n_deg	n_recovered	frac_recovered	jaccard	lfc_cor_all	lfc_cor_full_degs	direction_concordance_full_degs
5	1	0	0	0	0	0.391703353459603	0.743860893385821	0.908906882591093
5	2	190	38	0.0769230769230769	0.0588235294117647	0.435996829281074	0.805786270951212	0.983805668016194
5	3	0	0	0	0	0.492085703292673	0.764031093635022	0.981781376518219
5	4	0	0	0	0	0.464795212614104	0.784681778489828	0.939271255060729
5	5	0	0	0	0	0.358783558833925	0.724538882348213	0.898785425101215
5	6	0	0	0	0	0.604527214848818	0.82290185527081	1
5	7	0	0	0	0	0.284643594451712	0.527169105048896	0.728744939271255
5	8	0	0	0	0	0.422979462575118	0.704698362027283	0.896761133603239
5	9	0	0	0	0	0.502290226631497	0.779602696865428	0.989878542510121
5	10	3	1	0.00202429149797571	0.00201612903225806	0.432428068643208	0.763818872135302	0.925101214574899
5	11	0	0	0	0	0.359054098797106	0.703655072375047	0.888663967611336
5	12	0	0	0	0	0.382501968152535	0.7435789931573	0.921052631578947
5	13	0	0	0	0	0.287911748197379	0.548564356891463	0.722672064777328
5	14	0	0	0	0	0.508542067738762	0.768756107776072	0.995951417004049
5	15	9	0	0	0	0.246143988518629	0.575282267286111	0.763157894736842
5	16	5	1	0.00202429149797571	0.00200803212851406	0.429012454046238	0.814167925238706	0.97165991902834
5	17	0	0	0	0	0.539065291116246	0.783025813729347	0.989878542510121
5	18	0	0	0	0	0.425161054687836	0.760887985719842	0.931174089068826
5	19	0	0	0	0	0.615509102527994	0.794124739358005	0.989878542510121
5	20	0	0	0	0	0.395265815230428	0.784564419602319	0.941295546558704
5	21	0	0	0	0	0.110605406473239	-0.0274443111424002	0.477732793522267
5	22	0	0	0	0	0.227768641006112	0.340218089444096	0.572874493927126
5	23	0	0	0	0	0.363056912644169	0.702659761504642	0.870445344129555
5	24	0	0	0	0	0.498567486180172	0.775466866146913	0.983805668016194
5	25	0	0	0	0	0.579161076066042	0.815326981121793	0.989878542510121
5	26	0	0	0	0	0.439898698099453	0.78201109235592	0.935222672064777
5	27	0	0	0	0	0.356399579627286	0.70313875299463	0.870445344129555
5	28	1	1	0.00202429149797571	0.00202429149797571	0.461621576369145	0.770517785122248	0.94331983805668
5	29	4	0	0	0	0.343428033694081	0.663466372423349	0.821862348178138
5	30	0	0	0	0	0.279028892116626	0.481658045168241	0.714574898785425
5	31	0	0	0	0	0.381182954243509	0.665128309646298	0.823886639676113
5	32	0	0	0	0	0.436163780227616	0.757635482200444	0.953441295546559
5	33	0	0	0	0	0.451374645344584	0.791274680267955	0.969635627530364
5	34	0	0	0	0	0.511773454419509	0.801353907471128	0.989878542510121
5	35	0	0	0	0	0.5987179938921	0.815678858702239	0.997975708502024
5	36	0	0	0	0	0.403879239487418	0.742507632931461	0.921052631578947
5	37	0	0	0	0	0.409771324125548	0.735910152265442	0.95748987854251
5	38	0	0	0	0	0.251379559462083	0.500590054406645	0.773279352226721
5	39	0	0	0	0	0.505728112804035	0.803018432761147	0.993927125506073
5	40	0	0	0	0	0.228858647468239	0.40398408040129	0.591093117408907
5	41	42	1	0.00202429149797571	0.00186915887850467	0.372213581701009	0.743636328796999	0.868421052631579
5	42	5	0	0	0	0.506137895840806	0.786847692004092	0.951417004048583
5	43	27	0	0	0	0.191732926597649	0.284826784901515	0.518218623481781
5	44	0	0	0	0	0.145997620359464	0.0110352691328457	0.497975708502024
5	45	0	0	0	0	0.288182806511012	0.602216082199001	0.763157894736842
5	46	0	0	0	0	0.333231233860322	0.610839322593353	0.823886639676113
5	47	0	0	0	0	0.549852731794293	0.825633161898775	0.995951417004049
5	48	0	0	0	0	0.494406350021071	0.773791490883409	0.983805668016194
5	49	0	0	0	0	0.51638698879551	0.778413679128956	0.975708502024291
5	50	0	0	0	0	0.453861855505939	0.77314626585471	0.965587044534413
5	51	0	0	0	0	0.330201205645344	0.644224790546986	0.878542510121457
5	52	0	0	0	0	0.357808736648726	0.717266115259069	0.884615384615385
5	53	0	0	0	0	0.42352912539246	0.763523932030391	0.961538461538462
5	54	0	0	0	0	0.529250745834811	0.78359479032053	0.991902834008097
5	55	0	0	0	0	0.143847416555223	0.162599842774926	0.491902834008097
5	56	20	0	0	0	0.120226765075621	-0.000534286538343333	0.402834008097166
5	57	0	0	0	0	0.269007074116399	0.549822953815694	0.761133603238866
5	58	0	0	0	0	0.536976671684713	0.829785118265955	0.983805668016194
5	59	0	0	0	0	0.578857610155886	0.823477102947584	0.995951417004049
5	60	0	0	0	0	0.493863348817477	0.791484114618523	0.97165991902834
5	61	0	0	0	0	0.4166071030033	0.748570777288616	0.931174089068826
5	62	0	0	0	0	0.421657281066284	0.731725247813643	0.882591093117409
5	63	0	0	0	0	0.360756817747597	0.691307703008354	0.878542510121457
5	64	0	0	0	0	0.361746387259464	0.703153385527678	0.854251012145749
5	65	0	0	0	0	0.325089012960158	0.620902623229942	0.838056680161943
5	66	0	0	0	0	0.424619517870527	0.783786008660568	0.92914979757085
5	67	0	0	0	0	0.292838129621682	0.489160851603469	0.702429149797571
5	68	19	0	0	0	0.400286026681537	0.75704978271435	0.973684210526316
5	69	0	0	0	0	0.556642122828411	0.809232481336677	0.987854251012146
5	70	0	0	0	0	0.303728315989326	0.661744810116754	0.825910931174089
5	71	0	0	0	0	0.300555042228893	0.646942360511273	0.769230769230769
5	72	0	0	0	0	0.369630577638483	0.674458888679023	0.878542510121457
5	73	689	141	0.285425101214575	0.13531669865643	0.568558659805888	0.826763052256807	0.989878542510121
5	74	0	0	0	0	-0.0177696700797036	-0.321457091714378	0.275303643724696
5	75	0	0	0	0	0.487538930135949	0.794479005923439	0.969635627530364
5	76	0	0	0	0	0.563834533057711	0.833589775940582	1
5	77	0	0	0	0	0.384821240890783	0.777532641373786	0.92914979757085
5	78	0	0	0	0	0.616008011514938	0.83494721711867	0.995951417004049
5	79	0	0	0	0	0.545489355755711	0.794359855297189	0.979757085020243
5	80	0	0	0	0	0.336985533550004	0.679931256956986	0.868421052631579
5	81	0	0	0	0	0.510380212538045	0.796174289395171	0.987854251012146
5	82	0	0	0	0	0.28657818492967	0.54819794631901	0.708502024291498
5	83	0	0	0	0	0.467496985394518	0.8029970314373	0.979757085020243
5	84	0	0	0	0	0.392602494630838	0.711575652559959	0.904858299595142
5	85	0	0	0	0	0.396690583554818	0.732129981686937	0.923076923076923
5	86	0	0	0	0	0.515645318755711	0.8067019489887	0.977732793522267
5	87	0	0	0	0	0.40172230044149	0.737422081139387	0.961538461538462
5	88	0	0	0	0	0.492179530457899	0.791499344397818	0.983805668016194
5	89	3	0	0	0	0.12186738242754	0.0555712249744491	0.508097165991903
5	90	0	0	0	0	0.24297609353994	0.459023407822383	0.704453441295547
5	91	0	0	0	0	0.362265250904062	0.684999090443737	0.882591093117409
5	92	0	0	0	0	0.426805269163285	0.724660023795286	0.955465587044534
5	93	0	0	0	0	0.493337335384571	0.814103323103003	0.979757085020243
5	94	20	1	0.00202429149797571	0.00194931773879142	0.233176220896827	0.485008596613166	0.663967611336032
5	95	0	0	0	0	0.369445828304343	0.687020868530423	0.827935222672065
5	96	0	0	0	0	0.374230772206438	0.708132428405728	0.882591093117409
5	97	0	0	0	0	0.494013889909341	0.782664380208952	0.987854251012146
5	98	0	0	0	0	0.535007774892392	0.792221614192363	0.991902834008097
5	99	0	0	0	0	0.382483967014217	0.720769163579028	0.925101214574899
5	100	0	0	0	0	0.242668616983214	0.462217779373752	0.686234817813765
10	1	0	0	0	0	0.632660002383338	0.804497712173596	1
10	2	0	0	0	0	0.663339808190562	0.841780311429078	1
10	3	2	1	0.00202429149797571	0.00202020202020202	0.59997991969128	0.788595234522426	0.989878542510121
10	4	0	0	0	0	0.491634183353642	0.737689547916942	0.923076923076923
10	5	0	0	0	0	0.672011259537751	0.848960604890999	0.997975708502024
10	6	0	0	0	0	0.539210535452954	0.78810419856646	0.981781376518219
10	7	0	0	0	0	0.545828699911056	0.792431247625013	0.993927125506073
10	8	0	0	0	0	0.655717084804728	0.821928343888417	1
10	9	0	0	0	0	0.503889042638291	0.801866145668857	0.953441295546559
10	10	0	0	0	0	0.708620286622984	0.836211985587453	1
10	11	0	0	0	0	0.654612014182452	0.827040970843683	1
10	12	1	0	0	0	0.578502464092574	0.797072945914624	0.991902834008097
10	13	0	0	0	0	0.701038411334347	0.834458271524568	1
10	14	0	0	0	0	0.693337636838154	0.858598068953572	1
10	15	0	0	0	0	0.584028626937823	0.78969755201206	0.995951417004049
10	16	0	0	0	0	0.51329731521519	0.804198392262874	0.969635627530364
10	17	0	0	0	0	0.455897878386185	0.751939345661989	0.896761133603239
10	18	0	0	0	0	0.69010252789347	0.859167145085796	1
10	19	2	0	0	0	0.721947313490168	0.865246514632657	1
10	20	0	0	0	0	0.59686673732058	0.815572250247173	0.989878542510121
10	21	0	0	0	0	0.637774414527618	0.816797500922621	0.997975708502024
10	22	0	0	0	0	0.514836682175664	0.761714076820301	0.965587044534413
10	23	0	0	0	0	0.527883427142349	0.765374698608391	0.989878542510121
10	24	0	0	0	0	0.660299914158383	0.857238836036744	1
10	25	37	21	0.0425101214574899	0.0411764705882353	0.706460216448786	0.841133493743721	1
10	26	0	0	0	0	0.589914706927247	0.827070634073944	0.997975708502024
10	27	0	0	0	0	0.715827747508619	0.861724752596963	1
10	28	0	0	0	0	0.427755829346151	0.618697291463385	0.803643724696356
10	29	0	0	0	0	0.643112656141695	0.819962109702688	0.997975708502024
10	30	0	0	0	0	0.549201671076094	0.793914508679108	0.979757085020243
10	31	0	0	0	0	0.621658159191573	0.811296265742727	0.993927125506073
10	32	0	0	0	0	0.475132969877336	0.730654285751969	0.935222672064777
10	33	0	0	0	0	0.566087544488485	0.786396870628749	0.997975708502024
10	34	0	0	0	0	0.537196820648159	0.77639200058331	0.977732793522267
10	35	0	0	0	0	0.640452911595606	0.802717221570643	0.991902834008097
10	36	0	0	0	0	0.560860716322116	0.795919066165677	0.995951417004049
10	37	0	0	0	0	0.675985846166257	0.84183267001672	0.997975708502024
10	38	0	0	0	0	0.643091883543657	0.811388639828909	0.997975708502024
10	39	0	0	0	0	0.576300625950791	0.806291839899185	0.997975708502024
10	40	1	0	0	0	0.513259847326375	0.771575010520244	0.967611336032389
10	41	14	3	0.00607287449392713	0.00594059405940594	0.573079751188645	0.802435719506286	0.993927125506073
10	42	0	0	0	0	0.57780669056308	0.791049418891844	0.981781376518219
10	43	3	1	0.00202429149797571	0.00201612903225806	0.563467472345953	0.826020476089869	0.989878542510121
10	44	0	0	0	0	0.553553202572837	0.782647060067792	0.981781376518219
10	45	0	0	0	0	0.608605897546458	0.829305927693885	1
10	46	0	0	0	0	0.516050398511883	0.773224306030968	0.951417004048583
10	47	0	0	0	0	0.485552512646717	0.730472523810839	0.931174089068826
10	48	0	0	0	0	0.537339300594621	0.780891255643044	0.953441295546559
10	49	0	0	0	0	0.60536563828555	0.797029048315479	0.997975708502024
10	50	1	0	0	0	0.561623048776184	0.812428644626787	0.989878542510121
10	51	0	0	0	0	0.53370272571258	0.770358419915375	0.945344129554656
10	52	0	0	0	0	0.638807667318779	0.830518536657108	0.995951417004049
10	53	0	0	0	0	0.546181734579632	0.789341294625804	0.98582995951417
10	54	0	0	0	0	0.512190115682649	0.746627835706516	0.983805668016194
10	55	1	0	0	0	0.597639592476009	0.835875935032549	0.993927125506073
10	56	0	0	0	0	0.547503590828209	0.788620916111041	0.975708502024291
10	57	1	1	0.00202429149797571	0.00202429149797571	0.722015725474719	0.876096985822618	1
10	58	0	0	0	0	0.667979645786927	0.803273456908559	1
10	59	0	0	0	0	0.617207828403152	0.813950826227969	0.995951417004049
10	60	0	0	0	0	0.656718052806783	0.821397192892869	1
10	61	0	0	0	0	0.561422049875408	0.801495255749553	0.975708502024291
10	62	0	0	0	0	0.421436423269161	0.6892591483816	0.864372469635628
10	63	1059	147	0.297570850202429	0.104551920341394	0.5428092038207	0.824406219025627	0.987854251012146
10	64	466	88	0.178137651821862	0.100917431192661	0.586411635448507	0.813736812989509	1
10	65	0	0	0	0	0.528581339566899	0.786501488262991	0.977732793522267
10	66	2	0	0	0	0.587869238104258	0.834021485436026	0.995951417004049
10	67	0	0	0	0	0.621808786409543	0.813930718937658	1
10	68	0	0	0	0	0.573604742454448	0.784347917837829	0.98582995951417
10	69	9	5	0.0101214574898785	0.0100401606425703	0.693191812143406	0.841306097909066	0.997975708502024
10	70	200	59	0.119433198380567	0.0929133858267717	0.617317697567628	0.831595968886457	0.995951417004049
10	71	0	0	0	0	0.575959388485731	0.782681998973234	0.979757085020243
10	72	317	52	0.105263157894737	0.0685111989459816	0.446312607570602	0.727981907420362	0.876518218623482
10	73	0	0	0	0	0.459197162345886	0.739781104273471	0.896761133603239
10	74	0	0	0	0	0.475050107411732	0.768929508269745	0.947368421052632
10	75	0	0	0	0	0.366260085203555	0.600770646740541	0.767206477732793
10	76	0	0	0	0	0.65496601994727	0.797905407641716	0.997975708502024
10	77	1393	301	0.609311740890688	0.189785624211854	0.737237412875845	0.86850200438329	1
10	78	8	2	0.00404858299595142	0.004	0.590399324628344	0.831599452822897	0.989878542510121
10	79	3	1	0.00202429149797571	0.00201612903225806	0.551202762829208	0.756647835990208	0.959514170040486
10	80	0	0	0	0	0.539025021864665	0.787584295708562	0.98582995951417
10	81	0	0	0	0	0.669009693365117	0.818865963757605	1
10	82	367	64	0.129554655870445	0.0803011292346299	0.594215938091658	0.805703452804979	0.997975708502024
10	83	0	0	0	0	0.731124789520881	0.866179711893387	1
10	84	127	38	0.0769230769230769	0.065180102915952	0.587858227087334	0.793302828981275	0.987854251012146
10	85	1	0	0	0	0.607380932345549	0.792219822453622	0.995951417004049
10	86	0	0	0	0	0.432256395774677	0.731703448325633	0.870445344129555
10	87	0	0	0	0	0.421493778857627	0.704882015248194	0.862348178137652
10	88	10	6	0.0121457489878543	0.0120481927710843	0.504732495089707	0.757124737118332	0.941295546558704
10	89	0	0	0	0	0.568675618839501	0.807340405226601	0.995951417004049
10	90	25	8	0.0161943319838057	0.0156555772994129	0.682486797781022	0.867414219885662	0.997975708502024
10	91	0	0	0	0	0.669817144539103	0.839370124199846	1
10	92	0	0	0	0	0.581058491170621	0.774134907475358	0.981781376518219
10	93	0	0	0	0	0.568347019702874	0.809134333870108	0.981781376518219
10	94	0	0	0	0	0.625632487226886	0.819759643225	1
10	95	0	0	0	0	0.537940492353252	0.782707680561849	0.979757085020243
10	96	253	55	0.111336032388664	0.0794797687861272	0.520926409433717	0.781567736558662	0.949392712550607
10	97	1	0	0	0	0.659012864971073	0.820549800009606	1
10	98	0	0	0	0	0.722208474568823	0.830567709931434	1
10	99	0	0	0	0	0.585526122394164	0.828047928015901	0.993927125506073
10	100	6	1	0.00202429149797571	0.00200400801603206	0.653871092625892	0.829698418019118	1
15	1	0	0	0	0	0.655587890993692	0.805503275771238	1
15	2	1	0	0	0	0.65314647958401	0.813207752355825	0.995951417004049
15	3	0	0	0	0	0.677831505147219	0.831577454252804	0.997975708502024
15	4	0	0	0	0	0.578188299088102	0.792807313678457	0.983805668016194
15	5	0	0	0	0	0.719117005183043	0.828101182472913	1
15	6	0	0	0	0	0.64493503571032	0.787612167200082	0.987854251012146
15	7	0	0	0	0	0.692733654982577	0.850149821709553	1
15	8	0	0	0	0	0.677898266227781	0.830968063998917	1
15	9	0	0	0	0	0.607364270769239	0.780283955751021	0.983805668016194
15	10	1931	399	0.807692307692308	0.196939782823297	0.766531634957015	0.874052512378551	1
15	11	0	0	0	0	0.664746948738489	0.823998200297976	0.997975708502024
15	12	1192	201	0.406882591093117	0.135353535353535	0.674022983277868	0.810250388023421	0.995951417004049
15	13	0	0	0	0	0.746111820651581	0.83748501596265	1
15	14	5	3	0.00607287449392713	0.00604838709677419	0.682985634550435	0.807751808349652	0.997975708502024
15	15	2	2	0.00404858299595142	0.00404858299595142	0.747876682284069	0.834507444798894	1
15	16	0	0	0	0	0.698868926759598	0.844788541233508	1
15	17	0	0	0	0	0.702589133912094	0.802789090202349	1
15	18	7	6	0.0121457489878543	0.0121212121212121	0.714046021974152	0.847826832432363	1
15	19	0	0	0	0	0.613039653617177	0.786720578094551	0.991902834008097
15	20	379	80	0.161943319838057	0.100882723833544	0.608556776778475	0.801621672871806	0.975708502024291
15	21	0	0	0	0	0.596846728475488	0.792582450466512	0.997975708502024
15	22	1	1	0.00202429149797571	0.00202429149797571	0.779054790617627	0.847036775188798	1
15	23	11	7	0.01417004048583	0.0140562248995984	0.621695419487282	0.8153780456759	0.989878542510121
15	24	461	75	0.151821862348178	0.0852272727272727	0.649647500671964	0.824921642536674	0.997975708502024
15	25	2	1	0.00202429149797571	0.00202020202020202	0.587112774205464	0.812156200797174	0.97165991902834
15	26	0	0	0	0	0.579609530267061	0.797849166953469	0.979757085020243
15	27	156	36	0.0728744939271255	0.0586319218241042	0.623122887734747	0.787830958408518	0.981781376518219
15	28	0	0	0	0	0.723847699397733	0.834715585115927	1
15	29	1	1	0.00202429149797571	0.00202429149797571	0.69271312896937	0.801476641574859	0.991902834008097
15	30	0	0	0	0	0.694728718881864	0.821682079352625	1
15	31	4	3	0.00607287449392713	0.00606060606060606	0.638161103618846	0.807169990964162	0.995951417004049
15	32	0	0	0	0	0.516668907150768	0.780849846569928	0.937246963562753
15	33	0	0	0	0	0.772060788202566	0.853791829322949	1
15	34	0	0	0	0	0.735288219735868	0.84915988605537	1
15	35	0	0	0	0	0.643727322874073	0.802514058305667	0.993927125506073
15	36	0	0	0	0	0.750512139793769	0.860339539468396	1
15	37	0	0	0	0	0.530124664753567	0.762561867867729	0.95748987854251
15	38	0	0	0	0	0.790973114566756	0.890818209938526	1
15	39	2	2	0.00404858299595142	0.00404858299595142	0.700162520900262	0.841776927033679	0.997975708502024
15	40	127	37	0.0748987854251012	0.0633561643835616	0.594215911617986	0.790233978682788	0.987854251012146
15	41	0	0	0	0	0.774286405589378	0.87163386416082	1
15	42	362	101	0.204453441295547	0.133774834437086	0.662246165765083	0.831340944739044	1
15	43	0	0	0	0	0.603544190347764	0.795967244029591	0.987854251012146
15	44	0	0	0	0	0.575016802449852	0.785763092819781	0.97165991902834
15	45	2	1	0.00202429149797571	0.00202020202020202	0.803035210042495	0.891293319327909	1
15	46	3	2	0.00404858299595142	0.00404040404040404	0.680244087339605	0.814524779871209	0.995951417004049
15	47	5	4	0.00809716599190283	0.00808080808080808	0.819831328800557	0.908637549419016	1
15	48	0	0	0	0	0.772885489124622	0.865588239026907	1
15	49	0	0	0	0	0.672443976779113	0.814573156817205	0.991902834008097
15	50	0	0	0	0	0.770917198858668	0.868577157869354	1
15	51	0	0	0	0	0.646911342592869	0.824132282080398	0.991902834008097
15	52	0	0	0	0	0.616485415558461	0.781702913292536	0.979757085020243
15	53	1	0	0	0	0.539711002071121	0.77719211147203	0.963562753036437
15	54	0	0	0	0	0.746326375997653	0.823384927943485	1
15	55	0	0	0	0	0.783927754202454	0.867763210775915	1
15	56	0	0	0	0	0.5995311004205	0.792438115956852	0.983805668016194
15	57	137	46	0.0931174089068826	0.0786324786324786	0.663552199496177	0.832610491177802	1
15	58	0	0	0	0	0.727061426847146	0.833716989391165	1
15	59	10	5	0.0101214574898785	0.0100200400801603	0.730826879187846	0.855954457982856	1
15	60	0	0	0	0	0.669982347104412	0.822296446658569	1
15	61	0	0	0	0	0.725591728861241	0.857932039847274	1
15	62	0	0	0	0	0.683409829659241	0.795412700889374	0.995951417004049
15	63	0	0	0	0	0.803520608430625	0.901268526143086	1
15	64	20	12	0.0242914979757085	0.0239043824701195	0.729944009947461	0.831819538064867	1
15	65	0	0	0	0	0.542553980750647	0.753908665619993	0.925101214574899
15	66	0	0	0	0	0.635142191247642	0.808733581638461	0.987854251012146
15	67	0	0	0	0	0.747368791749704	0.843198671724347	1
15	68	9	2	0.00404858299595142	0.00399201596806387	0.522289871877467	0.769409296088062	0.951417004048583
15	69	2	2	0.00404858299595142	0.00404858299595142	0.547796250054953	0.782710965416207	0.951417004048583
15	70	0	0	0	0	0.774585778400559	0.875091621307058	1
15	71	3	3	0.00607287449392713	0.00607287449392713	0.744264037023667	0.84586368401891	1
15	72	0	0	0	0	0.708059004948286	0.844438355850761	1
15	73	34	18	0.0364372469635627	0.0352941176470588	0.531189025603973	0.760992404272003	0.92914979757085
15	74	0	0	0	0	0.691847359962884	0.817929183019393	1
15	75	0	0	0	0	0.622678072416339	0.796882623443956	0.995951417004049
15	76	0	0	0	0	0.709245697071213	0.845781562659966	0.997975708502024
15	77	0	0	0	0	0.713582246773943	0.870565191543093	1
15	78	891	234	0.473684210526316	0.203301476976542	0.7089327223983	0.834651978390635	1
15	79	9	6	0.0121457489878543	0.0120724346076459	0.646084574792257	0.790346659141364	0.995951417004049
15	80	0	0	0	0	0.712157608645276	0.830150234804873	1
15	81	0	0	0	0	0.720139142270792	0.84586278814954	1
15	82	0	0	0	0	0.733781672953501	0.85934840932172	1
15	83	0	0	0	0	0.680713298997407	0.81871685127797	1
15	84	0	0	0	0	0.660235232071504	0.834294128347721	1
15	85	39	14	0.0283400809716599	0.0269749518304432	0.565127753792179	0.790477057905263	0.975708502024291
15	86	0	0	0	0	0.614161835740521	0.813712425434428	0.997975708502024
15	87	6	3	0.00607287449392713	0.00603621730382294	0.65601656830232	0.830133611451002	1
15	88	0	0	0	0	0.571559394664168	0.7937173178766	0.949392712550607
15	89	0	0	0	0	0.657743942963997	0.825727029100575	1
15	90	9	7	0.01417004048583	0.0141129032258065	0.717113471597737	0.814003383897694	1
15	91	95	34	0.0688259109311741	0.0612612612612613	0.613593704285427	0.802326722066233	0.98582995951417
15	92	198	57	0.115384615384615	0.0897637795275591	0.676526375031151	0.820495749224264	1
15	93	2336	186	0.376518218623482	0.0703479576399395	0.53766884929353	0.80801429807515	0.981781376518219
15	94	0	0	0	0	0.731425795819191	0.824170207217074	1
15	95	0	0	0	0	0.750124230529801	0.849673716909758	1
15	96	0	0	0	0	0.643233057430451	0.787685429406365	0.979757085020243
15	97	0	0	0	0	0.63846853645512	0.803116679768756	0.993927125506073
15	98	0	0	0	0	0.617733161066576	0.799595514979309	0.993927125506073
15	99	1	0	0	0	0.710160652768349	0.801362368459625	1
15	100	0	0	0	0	0.666678770982769	0.826305959795871	1
20	1	958	275	0.55668016194332	0.233644859813084	0.778138407327735	0.855418031312128	1
20	2	2263	379	0.767206477732793	0.159377628259041	0.773989465636722	0.850064714119374	1
20	3	1113	261	0.52834008097166	0.193907875185736	0.743539842652562	0.822475321909506	1
20	4	890	264	0.534412955465587	0.235714285714286	0.782957757216767	0.847769596333704	1
20	5	756	308	0.623481781376518	0.326963906581741	0.833962437016391	0.884013484824844	1
20	6	628	234	0.473684210526316	0.263513513513513	0.785668496732958	0.879800907963607	1
20	7	346	83	0.168016194331984	0.109643328929987	0.691256658349828	0.825943829488187	1
20	8	1	0	0	0	0.623640038995219	0.790021757183068	0.98582995951417
20	9	735	172	0.348178137651822	0.162724692526017	0.696115175296935	0.831737715329047	0.997975708502024
20	10	42	26	0.0526315789473684	0.0509803921568627	0.709433411451285	0.809194755282083	1
20	11	246	72	0.145748987854251	0.107784431137725	0.663329257857718	0.79435388283472	0.987854251012146
20	12	0	0	0	0	0.753636279177911	0.85720110998215	1
20	13	9	3	0.00607287449392713	0.006	0.63736790169008	0.795625917799506	0.97165991902834
20	14	95	43	0.0870445344129555	0.0787545787545788	0.694862092889428	0.807112058078216	0.991902834008097
20	15	88	46	0.0931174089068826	0.0858208955223881	0.695922328170362	0.827968096100903	0.997975708502024
20	16	3	2	0.00404858299595142	0.00404040404040404	0.81836866772773	0.889763572607599	1
20	17	404	74	0.149797570850202	0.0898058252427184	0.643867618739206	0.806997486339859	0.989878542510121
20	18	754	230	0.465587044534413	0.225933202357564	0.786923333061435	0.865292004888461	1
20	19	154	84	0.17004048582996	0.148936170212766	0.776896762857926	0.823538320687888	1
20	20	0	0	0	0	0.738886150483654	0.854642606601612	1
20	21	0	0	0	0	0.795114875445519	0.83406707523287	1
20	22	108	39	0.0789473684210526	0.0692717584369449	0.738769060677356	0.852847184842487	1
20	23	4	3	0.00607287449392713	0.00606060606060606	0.817425745631278	0.895674021007639	1
20	24	2	1	0.00202429149797571	0.00202020202020202	0.73302307239232	0.825907198385046	1
20	25	348	88	0.178137651821862	0.116710875331565	0.691483579723197	0.813668726917366	0.993927125506073
20	26	770	230	0.465587044534413	0.222437137330754	0.764207309665673	0.849292773345298	1
20	27	793	145	0.293522267206478	0.126970227670753	0.627608724400314	0.805166528429046	0.977732793522267
20	28	8	2	0.00404858299595142	0.004	0.747420894643034	0.82678067102109	1
20	29	1215	264	0.534412955465587	0.182698961937716	0.761676089148148	0.857535667421437	1
20	30	791	132	0.267206477732794	0.11448395490026	0.693566059874099	0.818782548365125	0.995951417004049
20	31	210	90	0.182186234817814	0.146579804560261	0.728162084715062	0.852684833404381	1
20	32	1	1	0.00202429149797571	0.00202429149797571	0.735970463635002	0.852912483765478	0.997975708502024
20	33	254	103	0.208502024291498	0.15968992248062	0.728110085644727	0.816073738012459	0.997975708502024
20	34	6	3	0.00607287449392713	0.00603621730382294	0.67263547008817	0.822514740161799	0.991902834008097
20	35	902	144	0.291497975708502	0.115015974440895	0.638189751567291	0.798901216217326	0.987854251012146
20	36	0	0	0	0	0.751088398644407	0.843488734318242	1
20	37	26	15	0.0303643724696356	0.0297029702970297	0.756300767921811	0.846876613653597	1
20	38	0	0	0	0	0.77695739238401	0.851476604246968	1
20	39	43	25	0.0506072874493927	0.048828125	0.785817539257343	0.848270486852744	1
20	40	664	277	0.560728744939271	0.314415437003405	0.832776551954146	0.893717442302902	1
20	41	162	58	0.117408906882591	0.096989966555184	0.6812321417659	0.810354906116623	1
20	42	345	138	0.279352226720648	0.196861626248217	0.749142732615514	0.852834941294427	1
20	43	923	262	0.530364372469636	0.226839826839827	0.754888559553272	0.830396300258583	1
20	44	190	79	0.159919028340081	0.130578512396694	0.747500764447721	0.854380216417155	1
20	45	432	101	0.204453441295547	0.122424242424242	0.666355378925432	0.796394772801306	0.983805668016194
20	46	3	2	0.00404858299595142	0.00404040404040404	0.739963999976562	0.83367398766139	1
20	47	125	61	0.123481781376518	0.109318996415771	0.775637198439196	0.843519293417874	1
20	48	0	0	0	0	0.642508104111109	0.804216508732362	0.989878542510121
20	49	370	178	0.360323886639676	0.259475218658892	0.788405531318145	0.840336568168318	1
20	50	1882	404	0.817813765182186	0.204868154158215	0.793372003120075	0.862784665603071	1
20	51	325	104	0.210526315789474	0.145454545454545	0.736450154948691	0.839830302433057	1
20	52	734	170	0.34412955465587	0.160680529300567	0.679651345643305	0.813216611508487	0.997975708502024
20	53	29	17	0.034412955465587	0.033596837944664	0.716105628624411	0.838196535324751	1
20	54	192	58	0.117408906882591	0.0923566878980892	0.701286191960819	0.802731655021609	0.987854251012146
20	55	0	0	0	0	0.804412343480163	0.849397988225788	1
20	56	299	91	0.184210526315789	0.12962962962963	0.670591227969754	0.807661425084293	0.995951417004049
20	57	12	12	0.0242914979757085	0.0242914979757085	0.77410664541538	0.854763150802438	1
20	58	470	140	0.283400809716599	0.169902912621359	0.744105206609837	0.85863350556422	1
20	59	0	0	0	0	0.67969198951506	0.819868939288177	0.991902834008097
20	60	394	182	0.368421052631579	0.257790368271955	0.821284695723537	0.874926980425005	1
20	61	34	17	0.034412955465587	0.0332681017612524	0.686795575907951	0.79231100204731	0.993927125506073
20	62	1013	132	0.267206477732794	0.096	0.588023251148556	0.798806652228239	0.983805668016194
20	63	1092	273	0.552631578947368	0.207920792079208	0.792771448485475	0.85005476001526	1
20	64	15	5	0.0101214574898785	0.00992063492063492	0.516566128678065	0.735883574807456	0.892712550607287
20	65	109	61	0.123481781376518	0.112546125461255	0.763245874586438	0.851975503945185	1
20	66	339	55	0.111336032388664	0.070694087403599	0.651253134930118	0.795345510686602	0.993927125506073
20	67	8	4	0.00809716599190283	0.00803212851405622	0.716064292527945	0.841705954271343	1
20	68	2	2	0.00404858299595142	0.00404858299595142	0.805441541323493	0.887005688521649	1
20	69	9	6	0.0121457489878543	0.0120724346076459	0.6912826788958	0.827114830296212	0.993927125506073
20	70	0	0	0	0	0.664551306300504	0.809045642802449	0.993927125506073
20	71	1120	310	0.62753036437247	0.237730061349693	0.791585162224773	0.862055129312522	1
20	72	38	23	0.0465587044534413	0.0451866404715128	0.734353708799737	0.835929388571643	1
20	73	585	149	0.301619433198381	0.160215053763441	0.715348783317628	0.819868740206095	1
20	74	601	206	0.417004048582996	0.231721034870641	0.78437105800957	0.847457734251798	1
20	75	506	116	0.234817813765182	0.131221719457014	0.722169610110377	0.844829353060377	1
20	76	622	142	0.287449392712551	0.145790554414784	0.678509834202466	0.807266645315113	0.987854251012146
20	77	180	56	0.11336032388664	0.0906148867313916	0.653778241241466	0.7921604959931	0.989878542510121
20	78	1	1	0.00202429149797571	0.00202429149797571	0.797144451084494	0.845241154347592	1
20	79	1	1	0.00202429149797571	0.00202429149797571	0.774818844090568	0.845510910569093	1
20	80	57	33	0.0668016194331984	0.0637065637065637	0.792299412919386	0.858367531902282	1
20	81	24	18	0.0364372469635627	0.036	0.81466624960866	0.858218618504729	1
20	82	1299	420	0.850202429149798	0.305899490167516	0.8660421818707	0.897230942432181	1
20	83	596	125	0.253036437246964	0.129533678756477	0.682236247899294	0.819261440314072	0.997975708502024
20	84	255	84	0.17004048582996	0.126315789473684	0.709744571248997	0.837703508547962	1
20	85	1064	205	0.41497975708502	0.151515151515152	0.667314987826851	0.810568023485713	0.993927125506073
20	86	227	65	0.131578947368421	0.0990853658536585	0.663494761866322	0.828573405172103	0.995951417004049
20	87	465	173	0.350202429149798	0.220101781170483	0.776878597035413	0.83396882822526	1
20	88	1040	154	0.311740890688259	0.111594202898551	0.622860956249281	0.805609685144221	0.987854251012146
20	89	0	0	0	0	0.579646905085819	0.783656505766039	0.947368421052632
20	90	29	16	0.0323886639676113	0.0315581854043393	0.749336867009186	0.831589001013577	0.997975708502024
20	91	1	0	0	0	0.734673971652324	0.820952742144159	1
20	92	43	24	0.048582995951417	0.0467836257309941	0.770108594437657	0.834779291382259	1
20	93	0	0	0	0	0.703177667181626	0.821667645901659	1
20	94	563	221	0.447368421052632	0.264354066985646	0.77922923292487	0.871286665009308	1
20	95	0	0	0	0	0.77126517520508	0.861185936941248	1
20	96	0	0	0	0	0.79157743473182	0.837873325564155	1
20	97	832	224	0.453441295546559	0.203266787658802	0.740294152054826	0.823856951560592	1
20	98	0	0	0	0	0.776743664315392	0.843525564503466	1
20	99	34	25	0.0506072874493927	0.0497017892644135	0.808381480803116	0.852664925196152	1
20	100	3	2	0.00404858299595142	0.00404040404040404	0.705198535988958	0.845998960293825	1
25	1	517	150	0.303643724696356	0.174216027874564	0.728279134529065	0.812654005543938	0.997975708502024
25	2	405	191	0.38663967611336	0.269774011299435	0.83923081536438	0.87935585996865	1
25	3	608	247	0.5	0.288888888888889	0.852101280540641	0.872041584265349	1
25	4	1132	274	0.554655870445344	0.202662721893491	0.76373004492008	0.828415831703971	1
25	5	14	7	0.01417004048583	0.0139720558882236	0.747551948824091	0.819922193745189	1
25	6	260	151	0.305668016194332	0.250414593698176	0.846343445253498	0.859219404132397	1
25	7	511	264	0.534412955465587	0.356275303643725	0.866908651305249	0.871207728963681	1
25	8	362	134	0.271255060728745	0.185595567867036	0.774958971495558	0.835415657258296	1
25	9	2	1	0.00202429149797571	0.00202020202020202	0.752747055019438	0.826068255789618	0.997975708502024
25	10	865	238	0.481781376518219	0.212310437109723	0.815151756369214	0.850681769033429	1
25	11	565	132	0.267206477732794	0.142394822006472	0.69391928712243	0.808045454421028	0.995951417004049
25	12	1121	280	0.566801619433198	0.209737827715356	0.7782847194255	0.842506463324228	1
25	13	681	204	0.412955465587045	0.210092687950566	0.769690664411069	0.844403914650525	1
25	14	344	165	0.334008097165992	0.24517087667162	0.826021516745645	0.867992851957835	1
25	15	955	205	0.41497975708502	0.164790996784566	0.727454759333506	0.820118389137285	0.997975708502024
25	16	96	64	0.129554655870445	0.121673003802281	0.805021144678918	0.844081003513052	1
25	17	457	126	0.255060728744939	0.152727272727273	0.734391215875963	0.829854796994757	1
25	18	32	25	0.0506072874493927	0.0499001996007984	0.83265372516406	0.84942426706065	1
25	19	176	92	0.186234817813765	0.15916955017301	0.810076240602293	0.845536094452503	1
25	20	576	245	0.495951417004049	0.296969696969697	0.859433145684581	0.85931446582669	1
25	21	171	84	0.17004048582996	0.144578313253012	0.79323306153155	0.831873290227086	1
25	22	263	89	0.180161943319838	0.133233532934132	0.717881772075651	0.807758079435244	1
25	23	15	9	0.0182186234817814	0.018	0.724646234832293	0.814865508855047	0.995951417004049
25	24	252	130	0.263157894736842	0.211038961038961	0.822656739448152	0.865361783158303	1
25	25	251	104	0.210526315789474	0.162246489859594	0.784098160786371	0.859189740902136	1
25	26	844	174	0.352226720647773	0.149484536082474	0.731055496827743	0.830150334345915	1
25	27	360	143	0.289473684210526	0.20112517580872	0.772513874517803	0.808474177685238	0.997975708502024
25	28	97	65	0.131578947368421	0.123574144486692	0.848446643455271	0.86845591688124	1
25	29	90	66	0.133603238866397	0.127413127413127	0.882563763092159	0.871135959873015	1
25	30	316	164	0.331983805668016	0.253869969040248	0.823705584093092	0.859431625632117	1
25	31	741	164	0.331983805668016	0.1531279178338	0.722261346795642	0.819011194136635	0.995951417004049
25	32	420	120	0.242914979757085	0.151133501259446	0.721452251198037	0.811622262652475	0.995951417004049
25	33	336	139	0.281376518218623	0.201157742402315	0.804194892901841	0.845424110781216	1
25	34	1286	298	0.603238866396761	0.201079622132254	0.780851895047183	0.843809754175933	1
25	35	385	173	0.350202429149798	0.245042492917847	0.818082906975167	0.875893523934519	1
25	36	258	112	0.226720647773279	0.175	0.789991011826053	0.836015392031192	1
25	37	775	298	0.603238866396761	0.306900102986612	0.833917421832047	0.892353331875057	1
25	38	915	238	0.481781376518219	0.203245089666951	0.73517975894674	0.811531083058787	1
25	39	849	254	0.51417004048583	0.233241505968779	0.785546999664604	0.839885846334015	1
25	40	890	231	0.467611336032389	0.200346921075455	0.768299612062209	0.820202003611847	0.997975708502024
25	41	726	194	0.392712550607287	0.189083820662768	0.746995713205658	0.835604486613348	1
25	42	690	197	0.398785425101215	0.199594731509625	0.78004897183956	0.824282987216691	1
25	43	320	191	0.38663967611336	0.306581059390048	0.857296343031831	0.872943326557077	1
25	44	11	6	0.0121457489878543	0.0120240480961924	0.784052773497621	0.834739773588925	1
25	45	43	34	0.0688259109311741	0.0675944333996024	0.892875412634317	0.913472456869489	1
25	46	309	135	0.273279352226721	0.202095808383234	0.788045395872833	0.843223756066715	1
25	47	1101	248	0.502024291497976	0.184112843355605	0.774701011690595	0.825091658634949	1
25	48	502	128	0.259109311740891	0.147465437788018	0.695214396686743	0.812773753416435	0.991902834008097
25	49	414	166	0.336032388663968	0.223719676549865	0.807950994905021	0.838834991562652	1
25	50	525	236	0.477732793522267	0.301404853128991	0.833418515415997	0.864755478676691	1
25	51	474	163	0.32995951417004	0.202484472049689	0.761089877405284	0.832569679350933	1
25	52	579	210	0.425101214574899	0.243337195828505	0.798139121558887	0.840784701935551	1
25	53	242	142	0.287449392712551	0.239057239057239	0.845114415766956	0.861380440135645	1
25	54	923	311	0.629554655870445	0.28119349005425	0.830340092823449	0.872778884757106	1
25	55	699	260	0.526315789473684	0.278670953912111	0.834259917184548	0.861304490321251	1
25	56	1347	294	0.595141700404858	0.190045248868778	0.767573087482534	0.856968980274201	1
25	57	345	122	0.246963562753036	0.170153417015342	0.739469015731057	0.830531676074539	1
25	58	1093	349	0.706477732793522	0.281906300484653	0.853167367732883	0.880069270610532	1
25	59	969	235	0.475708502024291	0.191368078175896	0.746122878724106	0.831856169168009	1
25	60	1736	364	0.736842105263158	0.195069667738478	0.782017716325499	0.85349181262494	1
25	61	743	258	0.522267206477733	0.263534218590398	0.814073487157114	0.85750202254953	1
25	62	552	248	0.502024291497976	0.31077694235589	0.846145485691831	0.881408993483297	1
25	63	1	0	0	0	0.784558552991881	0.842903831160477	1
25	64	1258	310	0.62753036437247	0.21497919556172	0.794575202780902	0.873756178699063	1
25	65	206	111	0.224696356275304	0.188455008488964	0.844088493906254	0.8588770824919	1
25	66	78	44	0.0890688259109312	0.0833333333333333	0.750377643156735	0.831560134111645	1
25	67	51	25	0.0506072874493927	0.0480769230769231	0.737824688709681	0.829830907144882	1
25	68	378	202	0.408906882591093	0.301492537313433	0.864207171248369	0.891669684004476	1
25	69	726	258	0.522267206477733	0.268191268191268	0.821800754178583	0.867104547706662	1
25	70	0	0	0	0	0.828762162101945	0.86158270753125	1
25	71	82	54	0.109311740890688	0.103448275862069	0.819434329646624	0.850916088644283	1
25	72	266	102	0.206477732793522	0.155015197568389	0.759009798578378	0.829843847480231	1
25	73	46	31	0.062753036437247	0.0609037328094303	0.797166355092996	0.849656197686517	1
25	74	679	251	0.508097165991903	0.272234273318872	0.805595795551731	0.845011811788795	1
25	75	347	125	0.253036437246964	0.174581005586592	0.745386035387231	0.833584002560196	1
25	76	1215	330	0.668016194331984	0.239303843364757	0.80771025691013	0.876345241179233	1
25	77	1206	283	0.572874493927126	0.199717713479181	0.781435600468845	0.846525333319397	1
25	78	600	177	0.3582995951417	0.193020719738277	0.734697999471564	0.829820853499726	1
25	79	999	339	0.686234817813765	0.293760831889081	0.841835749419919	0.866261435088167	1
25	80	333	145	0.293522267206478	0.212609970674487	0.796292596371448	0.848773865897812	1
25	81	480	175	0.354251012145749	0.219023779724656	0.786631315410783	0.846421312931401	1
25	82	473	180	0.364372469635628	0.228716645489199	0.827001945295714	0.837442113773917	1
25	83	498	133	0.269230769230769	0.154831199068685	0.720519215610104	0.812781318535562	0.997975708502024
25	84	506	201	0.406882591093117	0.251564455569462	0.799694456223821	0.845510512404929	1
25	85	643	283	0.572874493927126	0.331381733021077	0.857454213311008	0.874901099754308	1
25	86	49	32	0.0647773279352227	0.0626223091976517	0.78780978355282	0.855012899274669	1
25	87	0	0	0	0	0.807869591130006	0.837418124383001	1
25	88	479	158	0.319838056680162	0.193865030674847	0.754992742922612	0.825357433214805	1
25	89	25	18	0.0364372469635627	0.0359281437125748	0.841198964347019	0.865717941003518	1
25	90	0	0	0	0	0.724165175365363	0.807797895851702	0.993927125506073
25	91	653	152	0.307692307692308	0.152763819095477	0.707181562994978	0.824522682043767	1
25	92	1090	243	0.491902834008097	0.181208053691275	0.750151289313705	0.829690355194786	1
25	93	492	147	0.297570850202429	0.175208581644815	0.726993350119863	0.807110465421558	0.995951417004049
25	94	664	225	0.455465587044534	0.241157556270096	0.803044927192769	0.847716341876692	1
25	95	1243	315	0.637651821862348	0.221518987341772	0.822106319425511	0.872016798546104	1
25	96	724	206	0.417004048582996	0.203557312252964	0.759785046569737	0.831249964227438	1
25	97	113	57	0.115384615384615	0.103636363636364	0.740554985037911	0.832603722387004	0.995951417004049
25	98	208	74	0.149797570850202	0.117834394904459	0.739193716325902	0.808743038037369	1
25	99	150	74	0.149797570850202	0.129824561403509	0.767488481789903	0.853395954602317	1
25	100	786	205	0.41497975708502	0.190697674418605	0.715577635960118	0.818778865346603	1
30	1	351	139	0.281376518218623	0.196883852691218	0.785566157567674	0.828953054703028	1
30	2	981	269	0.544534412955466	0.223051409618574	0.804449303608669	0.836605073158933	1
30	3	663	184	0.37246963562753	0.189105858170606	0.752495989344757	0.823331573945431	1
30	4	898	284	0.574898785425101	0.256317689530686	0.83231175996067	0.84801964342906	1
30	5	1025	313	0.633603238866397	0.259535655058043	0.853692999104406	0.858768085051847	1
30	6	453	220	0.445344129554656	0.302613480055021	0.872950887131035	0.871672685166867	1
30	7	985	337	0.682186234817814	0.295096322241681	0.866451782286731	0.865405481675365	1
30	8	744	261	0.52834008097166	0.267144319344933	0.837292105192061	0.847286822284153	1
30	9	652	282	0.57085020242915	0.326388888888889	0.867529946154245	0.877840248076183	1
30	10	703	272	0.550607287449393	0.294054054054054	0.848109067020011	0.866500333586914	1
30	11	910	253	0.512145748987854	0.219808861859253	0.81872727969287	0.847781143094477	1
30	12	882	233	0.47165991902834	0.203849518810149	0.7897532937165	0.827049630914262	1
30	13	696	272	0.550607287449393	0.296296296296296	0.862407920589398	0.864062673030325	1
30	14	909	275	0.55668016194332	0.243794326241135	0.82049771293693	0.845966111750248	1
30	15	803	299	0.605263157894737	0.299599198396794	0.863102508441353	0.87400722120483	1
30	16	893	228	0.461538461538462	0.19672131147541	0.77910134492045	0.841018324759117	1
30	17	907	296	0.59919028340081	0.267873303167421	0.842457594582492	0.868444569202549	1
30	18	722	257	0.520242914979757	0.267987486965589	0.837701843307361	0.851171809578984	1
30	19	985	290	0.587044534412955	0.24390243902439	0.830479477548401	0.854047251634526	1
30	20	1462	349	0.706477732793522	0.217174859987554	0.830791149787331	0.854987914473342	1
30	21	1158	340	0.688259109311741	0.259146341463415	0.84758406800494	0.868392509238031	1
30	22	596	201	0.406882591093117	0.226096737907762	0.79745847414834	0.842620935521544	1
30	23	988	320	0.647773279352227	0.275387263339071	0.852368422310179	0.869132099173735	1
30	24	934	300	0.607287449392713	0.265957446808511	0.848266251798983	0.868645443023579	1
30	25	872	271	0.548582995951417	0.247488584474886	0.827299243226609	0.856019259200641	1
30	26	802	241	0.487854251012146	0.228436018957346	0.820852428152407	0.843499285668604	1
30	27	1076	261	0.52834008097166	0.19938884644767	0.79143024241569	0.833138058695868	1
30	28	414	196	0.396761133603239	0.275280898876405	0.856847775486953	0.858660182563246	1
30	29	827	215	0.435222672064777	0.194394213381555	0.760099319266487	0.820709065675437	0.997975708502024
30	30	719	243	0.491902834008097	0.250515463917526	0.842399945350287	0.850179783562937	1
30	31	909	178	0.360323886639676	0.14530612244898	0.726976716453543	0.812524502649409	0.995951417004049
30	32	1299	300	0.607287449392713	0.200937709310114	0.811407662102616	0.841996813193568	1
30	33	620	250	0.506072874493927	0.289351851851852	0.837856893634349	0.85444591350431	1
30	34	985	273	0.552631578947368	0.22636815920398	0.830998170412545	0.856108348432465	1
30	35	969	299	0.605263157894737	0.256872852233677	0.839362359589655	0.851964156266494	1
30	36	753	267	0.540485829959514	0.272448979591837	0.844216247305582	0.861627401458724	1
30	37	819	341	0.690283400809717	0.35082304526749	0.88710631122102	0.888992726784976	1
30	38	797	229	0.463562753036437	0.215630885122411	0.796797561776177	0.840788882659279	1
30	39	570	230	0.465587044534413	0.275779376498801	0.859795003655762	0.851165936657556	1
30	40	973	289	0.58502024291498	0.245331069609508	0.836429295669211	0.850418383438561	1
30	41	1147	259	0.524291497975709	0.187409551374819	0.787111704940964	0.833821308402284	1
30	42	353	171	0.346153846153846	0.252958579881657	0.835725529079242	0.847531991868492	1
30	43	516	213	0.431174089068826	0.267252195734002	0.837670645218725	0.84797534766575	1
30	44	302	124	0.251012145748988	0.18452380952381	0.776105867426446	0.824082611100867	1
30	45	877	275	0.55668016194332	0.250912408759124	0.828567913544693	0.845628966243891	1
30	46	498	221	0.447368421052632	0.286640726329442	0.842110057411633	0.850927436322974	1
30	47	959	281	0.568825910931174	0.239761092150171	0.8125056479067	0.847907062511525	1
30	48	717	263	0.532388663967611	0.277426160337553	0.847561552040043	0.877740109788791	1
30	49	520	183	0.370445344129555	0.220216606498195	0.800135049535487	0.831436902302708	1
30	50	1112	362	0.732793522267207	0.290996784565916	0.883622067552042	0.869160567911502	1
30	51	438	180	0.364372469635628	0.23936170212766	0.818526983198888	0.847774274762638	1
30	52	542	246	0.497975708502024	0.311392405063291	0.854113682190845	0.858915604874823	1
30	53	714	230	0.465587044534413	0.235173824130879	0.793264593884926	0.834703341567866	1
30	54	1572	374	0.757085020242915	0.221040189125296	0.839011537968861	0.855653744497558	1
30	55	593	193	0.390688259109312	0.215883668903803	0.795353502819131	0.829981711822216	0.997975708502024
30	56	637	277	0.560728744939271	0.324355971896956	0.866995908444916	0.864517675129397	1
30	57	682	187	0.378542510121458	0.189079878665319	0.778646555256585	0.841588296760711	1
30	58	1542	355	0.718623481781376	0.211183819155265	0.835173918553078	0.858440495485441	1
30	59	1012	321	0.649797570850202	0.270886075949367	0.859786444054949	0.870868393554419	1
30	60	796	284	0.574898785425101	0.282306163021869	0.857781458416548	0.868132806661685	1
30	61	947	240	0.48582995951417	0.199833472106578	0.790367799982407	0.841211832543102	1
30	62	1083	286	0.578947368421053	0.221533694810225	0.824937680023761	0.846791306981336	1
30	63	374	201	0.406882591093117	0.301349325337331	0.871593966232554	0.858606828565193	1
30	64	435	208	0.421052631578947	0.288488210818308	0.845780327452269	0.848288802404314	1
30	65	663	207	0.419028340080972	0.217894736842105	0.789439815287948	0.835001865150258	1
30	66	697	208	0.421052631578947	0.211597151576806	0.804176554094267	0.835643506701476	1
30	67	1253	315	0.637651821862348	0.219972067039106	0.833716509738179	0.86230368329226	1
30	68	874	239	0.483805668016194	0.211691762621789	0.790673741215106	0.827074018469342	1
30	69	584	248	0.502024291497976	0.298795180722892	0.855873704040634	0.861597539146381	1
30	70	482	170	0.34412955465587	0.210918114143921	0.774152862678398	0.830470159711112	1
30	71	857	252	0.510121457489879	0.229299363057325	0.808035765244815	0.83920438836634	1
30	72	543	209	0.423076923076923	0.252415458937198	0.826785379299797	0.834932584585622	1
30	73	828	260	0.526315789473684	0.244821092278719	0.840803189241522	0.846634430300492	1
30	74	892	318	0.643724696356275	0.297752808988764	0.857429959337719	0.871978375704222	1
30	75	600	219	0.44331983805668	0.250285714285714	0.835562843109473	0.858796951953779	1
30	76	631	249	0.504048582995951	0.284246575342466	0.852185234855834	0.852459372946188	1
30	77	1143	299	0.605263157894737	0.223467862481315	0.808191966229079	0.849478616469115	1
30	78	645	218	0.441295546558704	0.236699239956569	0.818898281338784	0.850217509617531	1
30	79	569	182	0.368421052631579	0.206583427922815	0.774295134252516	0.826576014640496	1
30	80	1101	304	0.615384615384615	0.235476374903176	0.820832088491425	0.85155504258739	1
30	81	908	260	0.526315789473684	0.227670753064799	0.818905502172638	0.843136458573632	1
30	82	692	207	0.419028340080972	0.21144024514811	0.781733892063208	0.838052200815092	1
30	83	1026	230	0.465587044534413	0.178294573643411	0.774084121448119	0.822952720742835	1
30	84	619	210	0.425101214574899	0.232558139534884	0.800608069566681	0.837417925300919	1
30	85	342	157	0.317813765182186	0.231222385861561	0.843351938871586	0.827884183003218	1
30	86	1120	290	0.587044534412955	0.219033232628399	0.80870205099003	0.839030390626419	1
30	87	351	164	0.331983805668016	0.240822320117474	0.840313569202361	0.837512688372088	1
30	88	757	291	0.589068825910931	0.303125	0.8454278813522	0.867900776494777	1
30	89	879	241	0.487854251012146	0.212897526501767	0.795661408308261	0.832990339790809	1
30	90	831	286	0.578947368421053	0.275264677574591	0.848139400329421	0.847928264753289	1
30	91	722	267	0.540485829959514	0.281348788198103	0.841541424216989	0.852853754551203	1
30	92	1002	261	0.52834008097166	0.211336032388664	0.796740411061624	0.841832172311515	1
30	93	1258	308	0.623481781376518	0.213296398891967	0.829104692394714	0.853902021255496	1
30	94	1186	302	0.611336032388664	0.219158200290276	0.827504756112215	0.855117616449953	1
30	95	1031	350	0.708502024291498	0.297872340425532	0.872374909507711	0.876559652581858	1
30	96	1308	329	0.665991902834008	0.223353699932111	0.822831469604344	0.839143568790201	1
30	97	879	286	0.578947368421053	0.263109475620975	0.839762073925796	0.873532609520653	1
30	98	600	192	0.388663967611336	0.212860310421286	0.781882210255162	0.833418664890854	1
30	99	920	244	0.493927125506073	0.208547008547009	0.779028294080619	0.833640143707401	1
30	100	856	272	0.550607287449393	0.252319109461967	0.831878157692213	0.855412755636947	1
